GBIF_id
5769735
5155004
2027913
336
175
4107
4641085
7175
3196314
9189685
8793940
2655434
2655438
2655436
2642977
8303060
8397032
7853562
7948423
9082312
8882050
7808671
7588374
9138066
8756513
8983753
9083943
8076820
7576170
8887922
9078183
5421716
5421717
8880914
7546127
8118049
7555878
7529132
7774625
2625129
3245126
2592252
2572378
2519188
2526774
2527866
2594134
3424811
2609958
3269348
3215010
2590561
3236932
3269471
8392481
7251274
4733684
4405050
5166495
7237349
4832215
4835724
4405035
5430271
3239354
7237536
7242387
2620034
7252382
7245543
2540675
7379746
3269640
4665542
8190005
3269713
6759759
4923605
3230414
4904087
4894174
4909298
7954762
4898629
7877344
8133168
8155636
4893605
4890652
8398176
7971886
2540674
3254478
4307968
7235828
7242432
7247017
7237632
8601212
7470384
3268263
7458531
3191857
7937278
1029290
2575443
5134832
1068450
1068679
4997617
1074874
2572313
2565722
1858773
1858622
3213776
2610522
5257738
2548531
2574289
2548456
5263780
5261486
2517978
4353096
2412090
2400117
2418820
2396084
5212248
2398318
2347480
5203329
2404445
2393080
2387638
5203189
5214203
5788197
2414385
2409312
2381741
5212908
2404886
2405423
5203277
5214348
2380009
2347496
2346052
2050475
2063807
2063801
2063808
2063813
2063811
2064153
2058539
2060434
2059978
2058200
2059032
2059157
2059145
2059108
2059072
2059269
2059129
2059265
2059253
2059244
2059161
2059039
2059297
2059043
2059287
2059266
2059122
2059037
2059068
2059057
2059304
2059420
2059438
2059440
2059415
2059446
2059425
2059427
2059416
2059418
2059260
2059282
2058108
2061352
1068038
1066226
1081101
1081096
1081099
1081098
1081097
1081094
2059089
2059076
2054520
2053053
2053055
2053057
2059274
2057976
2610879
2540621
1985008
5149665
5144787
5149659
5145083
7805106
1065290
1987002
5258286
2588046
1025963
2203148
2247572
2417608
2412616
5214410
5213059
2059434
2059448
2050732
1859317
1859315
1859890
1858666
1858959
1981753
2296890
1970170
1773586
2463639
1765168
2314309
2464335
1858705
2468928
2464437
1759601
2299874
2299871
1862586
5232517
1884302
1884309
7542558
5220281
5225513
2441927
5225609
1858950
3201610
4269756
8028972
8371032
8105518
7829240
8002084
7962228
8178794
3201397
3192818
5274115
3208350
3208339
3208345
3208488
7610383
8223806
3194032
2662229
3191782
3191783
7920582
3193280
8121952
3194286
7646103
7432035
8358612
7968889
7641126
7979401
8029868
5421674
3201903
8101350
7402162
3193752
7927916
7822342
7520690
7889919
3193739
3201587
3201745
3193080
8308312
7533669
5421692
8232034
8416922
8235238
8250403
8269975
3194010
8399714
8118450
8164308
7909219
7685075
8398743
7947100
7744840
8271364
7413259
7628424
7491245
7580351
8016781
8157799
7731888
2654401
3218223
7580994
3193995
8172416
8376413
7952129
7652859
5730081
1847216
1859125
1869784
1859277
1858649
1859914
2448785
2467322
5132859
2294307
2295159
2064354
2053054
2053052
2059044
2059280
2059980
2059344
2051196
2059180
2060005
2064147
2059298
2059267
1072192
2059460
2053193
2059423
2059453
2059413
2610882
2059345
2059236
2063810
2410651
2059171
5209907
2414915
2411117
2558142
5257752
4911226
2063802
2059352
2059271
2053474
2058045
2392863
5257775
2565723
1073330
1076260
1079687
1086125
2581590
2566053
8217661
4998145
1072041
1084290
2448757
2448749
2467883
2457803
2404901
2402971
2243987
2244173
8086862
1034568
4787790
4795983
4792791
4793165
4280914
4301428
4530151
4534909
7451389
2206565
4343604
5728025
6075964
4371449
4359508
4346880
4359232
2501847
5723969
7479383
7618746
8251802
8036841
7816433
2328389
2328380
2328382
2328381
2314181
2318073
2320639
2321098
5198862
4376706
4376044
4375527
4409851
4544567
4309240
4729400
4729157
4728808
4728825
4728815
4728812
4728820
4728872
4729494
4729051
8343620
4757586
4429375
6966127
4427069
4719143
4457594
4457601
4457611
4455265
4455262
7809753
8887207
4455010
4453960
5878237
5752110
7869560
4462476
8900885
4743011
4743009
4465986
1050456
1050422
7453420
6097378
6097373
6097371
7431450
8176314
6097372
8254626
7739492
6097374
6097370
7736942
8276470
8355766
7687956
6097383
7835502
4435799
5745606
5745492
4435311
4435182
4442491
4443413
4442898
7796802
8108655
7827003
4476880
8297721
7388448
4485498
4502097
4503912
4534914
4530148
4423019
4483385
4804492
4648080
8846167
4418716
5800863
4867966
4826096
5787394
8071727
4970341
5816460
4969011
2411173
6127152
6530507
4953044
4559545
6529074
5797330
4601449
4601457
4601460
6500954
6501021
6512109
6125427
4961064
4963710
5935438
4560139
4560143
4559965
4559975
6492842
5935394
6487933
5784036
7412578
2297923
9070418
9019484
4566026
4566222
4566215
4566223
4566220
4566311
4562457
6125163
9114927
5780229
4563903
4565081
8888303
4564995
4564985
4564968
4565000
4564983
4564966
8852341
4414258
4414276
4412308
6124935
2529531
3387070
3501548
2620088
2620094
2620091
2620089
5486204
6096340
2598373
5484445
5494032
3452153
3452166
3452193
3452185
3452170
3452158
8375294
3452140
2562180
3452175
3452189
3452171
3452151
2576548
2574254
6335044
3538522
3538523
2617710
3538977
2618716
3542658
3496467
3496469
3496468
3495301
3424702
3440627
3441209
5493622
5493600
5493651
5493613
5493649
5493606
5493641
5493610
5493614
5493623
5493647
5493630
5493625
5493637
5493639
5493628
5493645
7254555
2623602
3499352
3523636
3475882
3479311
3347397
3556203
3346993
3346415
7244543
2550798
3321489
3356637
8137240
3371705
3380861
3380394
3380430
3381462
3383845
2627164
7994666
7908797
9053832
8376087
7864333
8789769
7796143
8124624
8259143
8394600
4361156
5725124
6529844
2396851
5786580
5791126
5790023
5790367
2015431
2012789
2014071
5233529
5233530
7714842
7506346
2550219
2621170
5176981
7509565
2387151
6504407
2562027
8107731
5973211
5969833
5969979
5970341
5969662
5974773
5970482
5974943
4603950
6501029
6518241
7623284
4557501
8151786
4416076
7372998
6500938
4662013
4727322
4728151
4728149
6881280
4549462
1050270
5811377
4804566
4804571
4804567
4804590
6999962
3545735
5215620
2296646
4727945
5966334
3515046
3514769
3516203
3515303
2562022
3449019
5445073
3458594
3455114
3455122
3388163
3475661
3476652
6334686
3488651
3488729
8425906
5493644
8313084
5257657
5257661
5257649
5257654
3386975
3387141
6514332
5967156
2421059
6500981
5784391
4601446
4601448
4601465
4601452
4601459
6500951
6500942
6506220
6528093
6529070
7753656
2045952
2046675
5985219
1053942
1052489
1054274
1063737
1063849
1051422
1058917
4993431
1058553
1058178
1057743
1055247
1052971
1052959
5155455
2024767
2024771
5953802
8501137
7424289
7848349
8289401
7759849
7808486
4559958
4963376
4963157
4617114
4796091
5807714
5807716
5807723
5807728
5807729
5807734
4729395
4728779
4728819
4728831
4729155
4745077
4982569
4982978
4982982
4982983
5959048
5959046
2503392
5958996
5958997
9178328
7571040
6997560
9013515
6997567
6129953
9114951
7774912
6990124
6191350
6185864
5989562
5990824
5990763
5987991
5989003
5988159
5988361
5991381
5987686
5986877
5992801
5992910
4424851
5982971
6997529
7710716
8350462
7592701
8428289
8258136
7595906
7795280
8181537
8420298
7637555
7904736
7448493
7861693
2403139
8825410
9198967
8789305
9128782
8951215
8875444
8830637
8815598
9209966
8732647
8837505
8932850
9005307
6997530
6997547
6997525
6997578
6997559
6997524
6997592
7986099
8770089
8275075
8408869
7914011
7862945
6480603
7201035
8066369
8160817
8353727
7848493
7800542
6480423
6480375
6480967
4431374
7762356
6452944
6453118
6136228
7863407
7729541
8087647
8087413
7571290
8134000
7817385
9150647
9127515
7696821
8101730
7550307
7666697
7891578
7463160
7975455
8371493
8124943
7880945
8405002
7851238
7815076
7952006
7451979
7712998
7834069
8393545
3191677
7441661
7823002
8007784
8008121
8396908
8282383
3192931
7832259
7711933
7732829
7953057
7664902
7349439
7788100
7568652
7420677
8351730
7534524
8012232
7755613
8226843
7725146
4376579
8180273
8397999
8379687
7484424
7761414
7470723
7870640
8108978
8022245
7394274
8217427
8420092
7370657
8297035
7848117
7356694
7833250
8084303
8154844
8274857
7409535
8409274
7602010
7636231
7669945
7364569
8277597
7799745
7364424
7461838
7519140
7713662
7402028
7748208
8296985
7821359
7970179
8416244
8166458
8389981
7704652
7767546
8335593
7727253
7869231
7535144
7737397
8228476
8349693
7709952
8305703
7877638
7551889
7986421
7866988
7831667
7400615
8357752
7600010
7537326
7742450
7672841
8249356
8201933
7516105
8346026
8249756
8423070
7487620
7439923
7517665
7457720
7894205
7644568
7849722
7631411
7867975
8137408
7669357
7784521
7834568
8157523
7473230
7421389
7686672
8407106
8021946
7993523
8161514
7394593
7548968
8381332
7412865
7457115
7438556
8330229
7499537
7765526
8280163
7423211
7505241
7382949
7623463
7802106
8211693
7718933
7890678
7613077
7394453
7417213
7396834
7842645
7588589
7745976
7676118
8174511
7537508
7772152
7367987
8201581
8247100
7721263
8261554
7580301
8248728
7474356
7737014
8069736
7496943
8061117
7590877
7977169
8293589
8366711
7699637
8243213
7938178
8396969
8129557
7891803
7742298
7875808
7857010
7950618
8117946
8024661
8092943
7843875
7627252
7748139
8627471
8364844
7413513
7707007
8156302
7616703
8189768
7655046
7411040
7537798
8067891
8009243
8092216
7671243
8099041
7479871
7742579
8182191
7585802
7788271
8427561
7363921
7904057
7988893
8076602
8209787
7782939
7921708
3210137
3209365
5424975
7501097
8131330
8389182
8410227
7397489
7602650
7759615
8221799
1460411
8057026
7760000
8375123
1533823
6969589
6955438
6997631
6997606
6997574
6950416
6950613
6957175
7005257
6988358
6959611
6989895
6989874
6990002
6968839
6968832
6968802
6968815
6968806
6968760
6968795
6968939
6968831
6968905
6968842
6968798
6968756
6968918
6968894
6968874
6968844
6968828
6968809
6968781
6968767
6968920
6968755
6968941
6968925
6968917
6968904
6968878
6968854
6968771
6968938
6968850
6968843
6968808
6968902
6968877
6968866
6968859
6968838
6968829
6968955
6968935
6968937
6968911
6968769
6968916
6968922
6968873
6968785
6968761
6968931
6968822
6968793
7000477
6908767
6908736
6908739
6908773
6908775
6908759
6908750
6908769
6908800
6911213
6911214
6908327
6902942
6909072
9180683
8216736
7691623
8756868
6878951
8928321
8194163
8471798
7786544
4954192
8487453
4952067
4952071
8696736
8523520
4952583
8670915
8702462
8539401
8501235
8622568
8620619
8662651
8457572
8544460
8526722
8454283
8543982
8665861
8459909
8545310
8570271
8702912
8610313
8695102
8694478
8459185
8552737
4970936
8478836
8691534
8260371
7626109
7687294
7612803
8229657
8040576
6904921
8186732
8293714
7719449
7429473
7659148
7568293
6906534
6935731
8778325
8605721
8467786
9196335
8897114
8646529
8497306
8608208
8516028
8684766
8457927
9034156
8983154
4950718
9007845
9158624
8453273
8814542
9211228
8920106
9026678
8947911
8825651
8746504
9192421
8763815
9211528
8779730
8736583
9045988
8967948
9075166
9192422
8724540
9049301
8871120
8814987
8766193
8890525
9017607
8861363
9080464
8940365
8931169
8923290
8862714
8986688
9192223
9061679
8923724
8909366
8903954
8855810
8559048
8601076
4965171
8446945
8778453
7842234
8453854
2383383
8941345
8797655
8938470
9058918
8752791
8757240
9059832
9151283
8971836
9102476
8855829
8791411
7473896
4347509
2282179
8159435
7565120
4275452
2246326
2245258
5181129
5181175
2248265
4583253
2251145
2251127
2251139
2414823
4365537
6499583
7970557
7354283
6501012
4601467
6500944
6500968
6500999
6500930
6501003
7906459
8278879
6493229
4330348
6467650
7807067
7595896
7793351
7480079
7518463
7477865
8037060
7550525
7772591
7571603
7687707
7815526
8247124
7540647
8339892
8266389
7646634
7806763
8094713
8277081
7566959
7769098
7471666
7743711
7863324
8167684
7543883
7702235
6539688
7866113
7412825
7551272
7761613
7975887
7916282
8313333
8078347
7655138
7966185
7519476
8409783
7724717
7940648
7615955
3200756
8425449
6453042
8578994
8120224
6508042
6503258
6506997
6506985
6506988
5794581
8108208
6126829
6126830
5793978
5793979
6526370
6526365
7427859
2238973
2238808
5963512
4343483
6482212
6482767
6482773
7479493
4307969
9202927
6456426
8141699
6459192
6463278
5720905
2378925
7945734
7443256
8370557
8362881
8107115
8403677
4380756
7547017
7374994
7772696
8142185
7866912
7531390
7971592
8233090
7644639
7616550
7436249
8256364
7399354
7587730
7355463
7570466
8284403
7731061
6879336
8909047
7641248
3351787
9045186
7948563
8055715
2535532
8342170
7562501
7892880
7993336
8153048
8236794
7450052
7573567
8049513
7366095
7548796
7873831
8136807
7980926
7839106
8196542
8172249
7661340
8983712
7433678
7947944
8021461
6925038
6900809
6900803
6900804
4652103
6900802
6900810
6900807
6905218
6905444
6905311
6906499
6908657
8778963
6461162
7485521
8207272
8622873
8452731
8572833
8576216
8644492
4647614
9034736
8705897
7902426
6882966
8628596
6932729
6934365
6932668
6932666
8474240
8629984
1862728
1975897
5147681
8666620
1464393
5814811
1467474
1466912
1470398
5091466
4677104
8254976
7741167
8074528
8790823
4714621
8162399
7480241
8026392
7493421
8321450
7997973
7922889
8081375
8487680
6131908
8820189
6942716
6942668
6942667
6942666
6943013
5735490
6942836
6942868
6942866
6942848
6942672
6942624
6942893
6943024
6942928
6942680
6942564
6942563
6943022
6942569
5735497
5735495
6942594
6942593
8277672
8142953
7945082
8452741
7996117
7491714
8319528
8782427
9163328
8916264
7446955
8271342
5744555
8851621
4431704
4431764
8460048
4431454
4431429
8678762
8575109
7900535
7812688
7647368
4480447
7605537
7383941
7558008
8134843
7796203
7996033
7704116
8356603
8023180
7775193
7371115
7644952
8311835
7995792
7421850
8086638
7747801
7576306
7734882
7622201
8182225
8343365
7555125
7773256
7621506
7892338
8172927
8149133
7983070
8225605
8160794
8345213
7771734
8230310
7823858
8067927
7775514
8429850
7561395
7373321
7627229
7679050
8761927
8162899
7726449
8832068
7986367
7615560
7546167
7625226
7448613
2036258
2036246
9036579
8708320
8813928
8826767
7462811
7528255
8611797
4635780
4636972
4637480
4634638
4633494
4634333
9071224
8708280
7020548
7020607
7020613
7029119
7030914
7033051
7032943
8680965
7030099
7029497
7027404
7033133
7031157
7031179
7027675
7024909
4555506
8553979
8657933
4979041
8629321
4979230
4868859
4869114
8652088
4867719
7014101
5818145
8638940
4868231
8816201
4854434
4857726
7012774
7010656
7010567
8753724
7010137
9025655
9133208
8133461
8884181
8757028
8756971
8777899
9018001
9002250
5782809
8850241
9030907
9214725
8871146
7609301
4565349
9043092
9062017
8919581
8834218
9018142
8971628
7896674
4597708
9075185
7729352
4599214
9066561
9158248
8761969
7877370
7900077
8545111
5727306
5795630
8773399
5727550
4603714
8810274
4605019
4605017
8893616
7872572
7819624
8607477
7546017
8032627
7645700
4609662
7774836
4358522
5793832
4590333
9033980
7519863
4952760
4952752
4593648
4594862
8773523
4595714
9015173
2509115
4823312
4965012
8633575
7366394
2450424
9203248
8600404
8951291
8845320
8523138
8767891
8620504
4836874
4839385
4838337
2402192
4287131
2415944
5215184
2346063
2346225
2346331
2346187
5203024
5203039
2345577
2332958
2386938
2383872
2382973
2389173
2407258
4840279
2381238
2390371
2399665
2399966
2399974
2399958
2399942
2396568
2387160
2392018
2389867
2385493
2335327
2334591
2334626
2381088
2381177
5209433
2336330
2336504
2388695
2387884
2388240
7677037
2414675
2415198
2414364
8446872
5210695
2409473
2408536
2408384
2408803
2381699
2381711
2398294
5212229
2391886
2391882
5214481
2411305
2411559
2389669
2389561
2381381
2390102
5962205
2395730
2395894
2395877
2396077
2395859
2392991
2392959
2392927
2392857
2396945
5211676
2397524
2397496
2378659
5209071
2376185
2376166
2376206
2376165
2378851
2375838
2377840
2375460
2392072
2357036
2357159
2410361
5212715
2401629
2401111
2351149
5202449
2344869
2345172
4286671
2404592
2403675
5816781
4853186
2418366
2418490
2418933
2420212
5216012
7981133
2417718
2419421
2417331
5215449
7518125
8677684
8524437
8539912
8660515
8464741
8115483
3201375
3201376
3201380
9207803
3277451
7673184
8330644
8965888
7573764
8313293
7686541
9164962
9127796
7622646
9105001
7918941
9173213
7545660
8597671
8566331
7484382
8671607
8473067
7686676
8395709
7814157
8413997
7505099
7901926
8199303
8451680
7715074
8296774
8109218
8054403
7753472
7671471
8611130
7758517
7520911
7786970
7482732
7907127
7901624
7717218
7601626
8227452
8339100
7801093
7541467
9210431
3192342
8963267
8086062
7364483
7479723
7937166
8180787
7938979
7536911
8589069
8925657
9130531
9108757
7500333
8827617
8809413
9042999
8917425
9174761
8793182
8773633
8858870
9185040
8940949
9108313
8791679
8864634
8977661
8728179
8869119
9113128
8989976
5823104
4922591
8220254
4923412
2647816
2646487
5710317
4376114
7774197
8147224
5902419
7352288
2190028
8414587
2328798
2319031
2318465
2318617
1008287
2283681
4407718
2280315
7864559
8220613
2315324
2315215
5196769
2501710
7652216
2225598
4644550
4644555
4644547
4644501
4645244
4645234
9116678
2222458
2219882
7782903
8011594
7436484
2112608
2284221
6160373
4282062
4282061
6279907
7190005
6281439
6162700
6158689
6162699
6162701
7062090
4289529
4289726
4289727
7259247
4286931
9208554
4432633
4425419
4457599
4457602
4457603
7343329
4465987
8823608
7212267
4534919
7344233
4534915
4417799
8868046
8962181
9056011
9089804
7676657
9221131
8985810
8785465
8875567
8736981
8926980
9208589
9147931
9053670
7215269
6182274
4982980
4982981
8746623
9065824
8725825
9090904
8819375
8981821
8848483
9187746
9216310
9127533
8987755
9082604
8762538
8865966
6189167
6187749
6282714
6278647
8757085
8926428
8934307
8725953
8818232
9131560
9085057
8685755
8624330
8574044
7212265
9122358
9208616
8737251
5719326
5719333
7260520
7260521
4321039
7682386
8330209
8822408
8903941
9095630
9150110
7260297
7260350
7260515
7260615
7260614
4332605
8486656
8578972
9125273
9198419
7210379
7210398
7347754
6119622
7212266
7212268
8777104
7212638
7209363
7207777
7215272
7215268
7215271
7215270
7215273
7207467
7205350
7206725
7206907
7213675
7216562
9125132
9001706
8755661
9040081
9166309
8843847
8775132
9212962
7200464
9203674
9132776
8906105
7201610
8967414
8935829
8910578
8806313
6872056
8796969
9085384
9005164
9198189
4478809
9125355
8780576
9029776
8924770
9170204
9207178
8783374
9026711
8927711
8877819
8953303
8752368
9140391
8906903
9142140
8961786
9126783
7063310
7342832
4411662
7188647
9077389
8774777
8842837
8719652
9143391
8918583
8978657
8831277
8770276
8785612
9105971
8835342
8721044
8983049
9018810
7572808
7346954
4560387
4560371
9035518
9054532
9147235
7189980
7189926
8969230
8936336
7758807
8906235
9096510
8863256
8744122
9049358
8968845
8953670
9224588
8986911
8876454
9001873
8913461
9160310
8802129
8718104
9006435
8905981
8724184
8808587
8733858
8926039
9087899
9220398
8902884
9017216
8976597
9071198
8941215
9228013
9071465
9054687
8824580
8738046
9077068
8922643
8758281
8979253
9068653
8890269
8844390
8780897
9116382
9143075
8781766
8728860
8815075
8750791
9056747
8988737
9060820
9137304
8730152
9227136
8854945
8849745
8864650
9097440
9046587
9103853
9155145
8951279
8807588
8765409
8720042
9069129
8860826
9067706
8936883
8986767
8929849
8734295
8966837
9060831
8839594
8772887
8868674
9039543
8945139
8880655
9089953
8740113
9140678
8760370
8800015
9038287
8812788
8995127
9133980
8938086
8746671
9163690
8993925
9210157
9074769
8813912
8980290
9171267
9142753
9095292
8798156
9192320
8852553
8953375
8721936
9203341
8943213
8807871
8915390
8793251
9019221
8953358
8721927
8835059
9170756
8861012
8909900
8864837
8783160
8789582
9108544
8850205
8750103
8927469
8991224
9056266
8816465
7810755
8975207
7435130
7420083
7874185
8129125
7353693
7625551
7580578
3191779
7799934
9183595
7649209
7640655
8391627
7420451
7377678
8033986
7563151
7606557
7859823
7784078
7936302
7694768
8190895
7662807
7982162
7521166
7526433
9207734
8720138
7994276
9072914
7762915
3422922
7760277
8235175
8772074
8808210
9019005
9027922
7821264
8279085
9070820
7989091
8786986
9030844
7826160
9209029
8111086
8236485
8734163
8293964
8228427
7404952
8022836
7627671
9048115
8014421
8829665
8848546
9212107
8027311
9224639
8760809
8735197
7932328
9203727
9183039
8876465
9191417
7230316
5707721
7813439
8182549
258
319
8364
4283995
8758637
7735031
3258447
3238002
2637960
2638450
1029289
2561289
5249163
7252282
3268117
3254907
1399443
2587645
2008504
3195634
1753989
3249708
2299870
1232282
2646213
3263835
8290733
2646839
2641849
2644778
3194285
7893320
3201706
8419328
3253491
7246997
9026378
1480704
3267139
4404944
4405028
4719136
4722618
4743008
4405076
4724817
4721138
9104583
4681444
4405014
4671802
8956666
7407030
5430509
4664122
8253161
4832269
4835775
4825732
4827990
4834480
4834158
4834181
4834138
4830372
4828159
4833399
4827736
4829983
4826008
4832286
4834485
4830029
4572473
4839130
4839279
4839506
3238452
3240809
4853137
4839372
4882643
4877943
4862839
4587777
4587764
4587775
4587766
3258641
4594823
3254713
3264912
4601575
4617240
4405047
4581464
3251678
4583385
4583384
4583157
4583009
3261816
4582576
4581448
4581567
3238215
3253827
3245332
3262903
3229623
2580620
3269645
7249605
7241347
4897613
4350552
4736121
4715457
4761536
4764194
4763580
4744609
4774099
4640853
4805772
4651158
4666452
4587765
3247868
4581948
4581830
7371345
4853301
4839512
4836822
4836706
4819335
4717723
4718394
4747128
4743719
6956311
4301427
4649162
3238460
4837480
4839278
4829522
4829915
4835869
4839532
4839315
4839488
4841422
4841531
4607982
4583939
4857228
3263540
4777287
4781226
4582740
4582574
4581411
4581474
4580092
4864321
4864416
3252724
3266671
6998086
4573795
4900433
4884994
6784788
6784629
2640388
4350546
4901408
4894774
4842852
4828481
4828528
4597232
8218921
4817790
4838888
4839581
4838931
4853409
4839533
4836703
4839117
4837319
4837320
4838929
7587826
4572522
4575913
8529128
4604204
4630739
3268371
4648747
3254043
4667542
8009955
5252489
4651017
4656007
3254728
3256073
3261891
3266670
3267222
4407197
7030435
4630576
3268391
3244459
8548522
4833415
3240530
3239119
3238225
3238425
4815391
4815390
7727172
2643653
2641993
8116740
731
803
9135156
5787597
5787638
5787640
5787617
5787318
6493172
5712788
4288692
2667824
7414102
2667935
7882712
4283722
4296077
2312285
8859419
6898830
4719138
4719149
4719148
4719155
4719153
4719151
4719137
4719144
4719150
4457610
4457605
4457620
4457621
4457608
4457606
4457600
4457609
7000763
4480608
4521063
4485491
4485490
4485497
4485494
4485496
4485499
4673692
1032757
4423025
1032928
4422649
4423003
1032771
4804489
5815241
4422798
1032807
4417798
4970976
4970116
5936116
4970342
4826294
4826289
4826149
4826140
4826141
4972227
4972234
4972279
4969206
4969213
4969230
4969210
4969652
5786094
4968842
4973711
4972470
4972469
4971709
4975065
4969473
4973806
4974586
4974587
4974584
4974585
4973904
4825997
5936062
4826122
4825896
4964331
4879903
4595817
4951291
8778864
4961033
8776214
4963733
4947935
4948203
4948205
4948530
4948531
4948532
4554263
4554258
4555087
4555051
4554699
4554627
4554643
4414280
8324891
7496521
8007855
4940873
4983580
4982585
5510694
9079327
3397214
4555905
4555895
4555897
5787202
5787127
5787805
5787797
4826078
4827327
4350553
4350547
6131318
7024901
7024903
7024902
7371018
9080190
4608186
4555145
4555893
5816848
5816847
6990826
6990827
9091236
4719147
4719154
4719141
6968703
6997580
6997633
6997563
6997544
4988011
1032833
4804591
6956308
6956309
6956314
6956312
6956313
8636336
5166496
9095049
8268813
4970977
4964201
4964202
4975877
9214036
9084919
8963379
8817372
8842884
5934447
5934451
4948179
4948184
4948185
4948190
4948213
4948216
4948218
4963731
4963732
4963735
4332072
6935778
4980527
4982565
4982566
4982567
4982570
4983113
4983039
4982538
4982525
4982526
4982528
4982529
4983107
4982543
4982545
4982547
4983018
6453601
9212086
9148402
4983114
7864709
4983092
8488360
8475994
8790140
7602774
6971359
6971355
6971363
6997623
6997569
6997628
6997621
6997572
6997612
6997533
6997630
6997557
6967175
6947691
9039442
9174502
9197156
8847568
8733138
8522388
8448359
4981215
4981216
8583033
8537896
8627845
8594835
8477535
8546699
8531889
8569171
8670751
8650735
8447044
8533247
8479624
8537459
8663178
8469622
8603638
8524732
8594117
8677329
8483694
8661101
8542333
8475614
4964234
4964231
4964233
4964232
8547056
8517499
8448822
8596053
8522878
8476438
8471348
8627322
8541066
8493913
4964327
4964332
4964328
4964330
8591507
4964102
4838331
4964103
8706269
8494269
8476802
8595657
4964214
8451458
4964199
4964196
4964198
4964197
8479358
4838345
4838348
4838343
8525716
8675988
8468498
8656139
8544203
8688761
8604918
8592837
8585809
8440962
8524686
8603588
8469661
8677388
4839537
4839535
4839536
8545219
8491102
4964359
8564144
8516850
8633733
8699025
8595408
8646289
8470753
8678703
4839316
8607259
8649189
4964167
8457433
8537693
8617522
8493244
8577884
8861530
8468139
8706761
8498761
8576296
8480268
8605924
8513545
8467602
8689781
8456548
8704284
8466045
8528466
8456729
8500504
8638647
8578350
8671587
8455371
8619868
8529873
8586111
8689995
8613578
8584431
8618127
8648245
8518658
8635989
8560701
8638224
8460321
8490620
8692707
8482750
8529439
8472012
8523770
8496586
8574319
8475957
8543828
8526068
8675818
8739075
8699857
8479213
8688590
8439360
4969223
8540661
8523628
8684317
8621832
8471862
8483864
8509842
8465600
8704468
8569935
8492769
8500728
4983093
4983089
4982561
8461026
8139000
6900797
6485335
8969222
9184710
8420871
8951388
7941807
9134119
8528283
8778089
7026892
4348149
4347902
7017236
6521251
6459454
4335562
6467654
6467651
6467655
6467660
6467652
6467656
6467661
6467653
7660983
4332075
6485433
4555965
7390563
7999742
6128183
6127799
6127714
6456034
4309749
4309748
6455317
6459191
8079134
7531796
8362720
6879329
8988521
8892466
9172362
8470093
8677917
6910574
8909606
8439422
8130409
7879982
9053410
8619161
6117951
8573142
8471749
9052770
8799498
8214299
8695981
8581360
8709008
8461961
8585595
8523066
8673040
9008534
9194625
8800154
8455866
6936450
8512637
6936282
6936016
6128069
7030436
8472690
8663562
8688545
4555106
8764524
7015400
7015392
8988926
7015396
8566290
8541520
8501756
4601736
8570244
4608194
8628265
9038315
8847595
8802084
8593427
8521447
8680952
8653157
8702622
8536594
8597019
8664116
4836823
8572345
8621118
7680286
8338196
8846141
8865783
9001795
9061187
8559468
8521953
2266228
8771749
8958599
4305750
8764553
7608396
8408412
8558097
8474131
8825563
4289530
9001240
6154056
7777616
8280288
8083754
9053464
8877900
8817391
9197332
8911871
9115320
8918563
7439445
8960900
9013549
4268430
2976
7002
3255526
2639280
7251265
2600355
2436633
1775341
7990470
7717644
3245072
3236037
2587111
4298207
7562707
3265362
4336758
2185555
4406964
4405710
2185229
4336768
4836709
4863189
7569891
4780915
4806815
7351001
2287271
4647865
2268257
232
1030664
2208570
5257735
5257760
5257737
5257764
5257772
5257732
2615477
2386345
5205018
2599054
5175824
2562182
2588043
1030234
2214093
2209699
2209756
2226051
2227708
2209742
2208543
2208729
6284334
2209293
2202816
2203663
2210106
6284560
2200231
2208589
2208437
2202099
2209005
5175862
5175846
2209984
2209291
2208768
2209475
2208764
2205451
2202648
5175892
5175841
5175848
5175854
2214085
2201041
1030037
2205100
2111044
2227798
2208998
5177053
5200917
2504514
2300211
2300212
2308694
2257481
2257659
2257130
2296150
2296153
2294169
2294164
2291015
2505906
2505451
2300213
2293516
2300082
2297223
7984709
6481465
5191195
2300208
2293954
2304008
5233584
6481434
2297851
2277902
5192396
2308384
2257192
2470777
4345582
2463221
4380576
4380575
4380574
5278534
5422553
2294581
2360687
2562201
2562165
2562176
5175739
2599050
2599053
2591028
5257749
2199750
2114217
5166528
2209012
2539897
5257761
5257758
2209078
2111966
2447272
1089298
5811506
4795753
4289479
4301348
2345605
7251275
4828888
4382448
4307412
4364180
2328357
4409943
6453509
4539742
6004081
5807891
4729152
4429370
6097771
7429295
7810401
4462438
7635921
8314195
7426763
4970115
4835270
4969201
4836901
7353486
5797930
5797922
5797931
5797926
5797920
5797927
4956098
5934584
5856558
4611170
4611177
9072435
8823413
8816034
8875427
4563055
6125115
5795017
3452196
3452195
3452172
3460977
3441862
5493601
5493638
2550765
2515472
5791112
4828980
2590580
2627512
2627515
4832730
5257644
5257640
3386117
3458655
5493612
8775767
5974839
9038558
3545731
3270765
5494117
3480489
5257736
5257766
3351890
6507399
2024773
7682534
6003039
6004190
8034539
6787800
6723334
5982835
5982447
8116359
8001668
8165400
8070170
7470416
7928035
7636246
7537822
7660100
7354726
8370813
8759672
7014210
8581240
8630948
8699383
8446224
8445745
8665577
8488363
8570904
8463109
8556618
8606006
8554954
8479760
8605384
8676706
8557064
8439605
8513050
8532221
8583717
8556838
4946312
8449394
8470760
8648000
8467359
8640973
8494088
8706034
8483282
8619744
8648587
4971340
8502717
4968744
8497429
8459659
8527753
8525753
7919803
7799418
8416021
8014409
7747836
9025430
7406401
5786534
8150313
5183323
8088328
6488677
6495224
8347700
6485086
6497971
4603871
2304975
2238280
2238827
5233573
5891499
8770646
4288849
1029766
8027653
6455500
8507074
8503292
8584407
8634845
6459260
6467574
6130285
5866066
2572363
8407271
8318191
7515773
8405109
8266834
9129496
8124002
8628681
8660632
8455472
8492681
8640768
8691696
8607742
8500803
8576965
8591761
4301300
8699202
7734205
7500428
8590802
8606193
7030838
8466407
8441546
4977969
8557209
8505855
7012982
4940876
8444288
8649209
8646051
2415356
2411264
5183993
2257573
8550002
8600516
7731926
2326753
2239757
2239881
2240907
2240939
2241864
7932525
1029652
4809700
4405148
4289366
2234698
4556954
2211083
2211084
9178217
6874380
8756932
8821538
9061817
8924689
6209965
8877036
7343729
2277021
7260555
6459489
4313830
8944146
6469771
8808902
8940886
8806840
8897910
2326283
8869104
8923379
2648235
8775483
8972169
7947184
198
2875
8358
3248986
9057977
1939297
2579072
1859560
2542764
8377126
1471955
1350327
3247583
8357484
1309586
1029086
3240405
8323214
7742506
2324266
7376268
8346108
7931711
7814704
8344305
1862936
3245335
3266111
2503819
2009885
8574039
1490391
2639495
1039502
1941927
3261486
8300631
1039909
1041470
3255436
1043119
9095083
7247786
3247816
3269429
3251734
9115310
4404999
3257328
3572026
8832257
8781759
9112649
2008822
4407791
2279924
3263135
4429351
4406622
8354838
4406135
2120509
4450370
3262891
4405351
4428375
4428874
8885039
4428446
4406839
4405160
3263138
4406598
4773651
3245029
4774257
4405242
9076715
8605818
4404352
8934105
7811242
4405000
3257836
4405493
3254946
4807267
4807042
4408274
4870646
4866725
4825619
4825894
4839426
4839317
3239170
4882644
3268004
8468197
7771709
4592987
3245543
3245036
4868366
4583925
8400472
4582563
3251779
4580263
3239212
3259499
2526777
8671565
7684750
3249201
4350564
4774351
4773819
4842715
7237193
4583924
3261636
3240350
3256169
3251258
7237921
3263772
8402901
3248990
2293535
3250086
7500232
4595513
2286811
4809707
4806711
4807876
3255054
2216101
7974132
4632852
2380493
2400191
2524936
2123359
2207031
3254783
1868789
1481565
3258370
4405946
3267254
3249271
3267972
3245390
3243322
6755526
3243875
3247908
8159406
8221635
7593981
9159085
7827004
8372915
3225653
5786579
8166909
7941504
8261043
7764120
2297916
7526961
7249709
4335780
4337631
4356937
5863824
5815322
4805397
4409308
4970678
4970652
4970654
4970647
8541168
4969224
4969222
4969237
4972999
4973001
5786720
4828447
4972405
5787798
5787842
4945215
5786557
4973914
4862858
5783878
8837629
8825615
8739800
9187925
9098239
8924398
9019902
9192080
8817308
9081684
9118306
8805382
9044193
4554860
5786707
5787822
5787261
5786738
5786737
8706874
8927838
8806652
4805417
4862852
4862857
8337356
7720859
8349878
8072462
8071478
7774907
7466821
8349783
7915086
8361260
7840411
7574992
8036623
8805859
8612812
8557349
8693847
8692749
4974870
8568493
8648273
8144554
4347369
7646774
6484705
4348107
4348128
4348125
7676650
8111598
7971584
7601907
7379479
4350210
4350422
4349892
6453842
4811499
7739763
7459979
8362833
8083890
7360274
4348271
4348275
7033472
8142828
8199717
6488684
6488798
6495253
6469803
6469971
6465436
8412690
8155585
7871624
4335732
8261335
7968410
7950608
6467959
8249140
7587203
6467928
6467970
6467969
6467909
6467911
8199998
7777113
8389445
8313386
7538571
7729194
7650151
7416742
8230365
7730780
8084549
8237285
7971685
7841435
8393922
6505294
6505215
7021089
7021088
4349146
8228178
7479139
7033427
6485047
6485046
6485045
8400435
7509959
7752528
8138140
8261910
7668460
8116189
7020413
8225806
7026403
7713780
7841151
7629934
8141099
7971960
7557380
7686984
7020450
8307063
6484071
8385670
8194157
8320525
8214963
8138598
1030238
7659035
8360688
7955065
6458249
8561640
6456364
6454551
7914258
8100379
7777105
8361465
8329467
6459180
6459636
6459594
7913259
8411066
6467795
8230500
4805592
7518838
8183034
9074916
8980439
7614517
6128358
8870720
8961817
8815917
8900068
9050016
8757280
9189060
8729687
7917759
8199151
5711936
8272002
7609648
7844554
8808553
5716784
9091937
7020905
6485021
7033414
5857999
5787762
6343117
7637531
7860061
