13188339
48839409
47756038
48839132
61660294
47760825
70102613
68002824
68002718
188304
188532
188390
188371
188368
188542
188537
188453
188557
188467
188401
188609
188523
22484055
22483884
22483867
22484081
22483870
22483800
22483995
22483855
22484095
22483725
22483794
22484038
22483827
22483924
22484107
22483967
22483863
22483701
22483936
22483842
22484002
22484043
22483768
22484119
22483825
22483847
22483801
22483811
22484027
22483762
22483937
49254721
49254351
49254610
69584026
188464
103105862
103167203
47943568
47943570
47943572
95568732
68325526
65363473
65368802
65369051
46102569
49829982
49829511
202909
64336659
64336664
64336679
47696467
64336696
64336701
64336710
64336719
64336724
89293224
98537212
56257709
56258107
103635467
103635419
103635421
89294363
47805694
13188360
13188365
110229440
44960195
44975977
44974254
110229743
44977744
44977870
44974868
44975368
44975191
44977934
44977877
44975073
65403156
69921147
69921254
15037223
85955096
85955099
103870359
103871222
103871334
103870738
103870843
103871084
103870973
104317670
103780156
104003523
103780118
22735588
103780078
104012371
22735592
103780109
22734033
104011899
103780103
89694347
103632552
64337698
98980532
98982185
98988019
98988229
98988500
98988589
98988693
98988708
98988728
98988932
98989011
98989048
98989129
98989496
98989684
98990374
98990437
98990553
107604242
103879283
103879269
103633396
13188370
91150579
78772698
67633090
114905835
103636669
103870959
22736055
103871923
103870880
103871974
103871775
103871108
65134998
65135062
66106381
49830527
50302159
66106662
66106687
97043787
66106709
66106729
68002506
56852510
88090870
103810484
103805010
103809131
103810497
103810377
103804351
103804411
103804369
103804493
87534595
87534622
42566169
84785231
104023514
84784918
97242050
90668675
88088294
91290991
196889
196897
196890
196891
196892
196893
196894
196895
196887
196898
196899
169704
22476160
77185986
110132464
17450332
47943576
103794964
103795103
70475829
97219174
103896223
84500429
84500529
84500418
84500383
47943578
47943581
197034
47943583
87533167
14262848
88088423
87533171
64262084
64262122
97242440
64263217
83304709
47943474
47943477
47943563
111707147
103823212
103823431
103823250
48302281
67903537
67903591
102998555
104007058
64337798
103636581
103636653
103636427
56003281
20253300
20255775
18158219
20256067
22486141
44579133
44579175
64263394
64263415
68501458
47783095
87517463
201504
20665692
172192
20665717
20665740
172241
172271
20665823
64263485
112444938
20665852
20665878
201505
18817184
20665911
20665937
22486376
20666105
20666130
172189
20666161
20666191
172256
20666581
20666626
20666644
77187242
91288566
69739731
83651176
80373280
80373309
80373484
51203944
194601
194673
47943586
47943590
66178142
66178177
103634594
103634608
66178232
66178277
66178311
66178379
66178396
103634574
66178494
66178528
103634577
22486289
103633034
103632769
64263649
58084855
103821243
103821499
103819928
103821072
103819799
103821125
103821318
44578087
44578102
44578111
190566
190567
164598
47755582
47755599
47755615
188472
188397
70474811
69921994
21610439
103633495
105965570
22723554
49254331
67996575
67996744
49830668
68326478
193238
188580
188528
188343
188560
188596
188445
188474
188546
193082
110133045
188450
188426
64529098
50009374
50009685
50008907
50008994
44579553
75606023
50009027
50009799
50009074
50009821
50008932
50009857
50009874
44579592
50008980
50009202
50009293
50011707
44791483
44791491
118076066
67657437
75606981
47944498
47944613
45331440
113256871
113263541
113259295
113259478
45325309
113264486
88585789
88586122
88586338
88586438
88586492
88586626
64263777
48810556
47943650
47943652
47943654
48810558
48810560
47943662
47943683
48810562
47943692
47943701
47943748
89663791
70380486
47261976
47262016
157930
47262019
47262058
47262061
47262077
47262130
47262539
47262541
157576
47262555
47262569
47262580
47262600
47262622
88496662
84354975
84355205
53796951
188538
188552
188470
188320
188507
188463
188518
188508
188491
188344
188372
188340
188579
188348
188620
63482555
56039121
74854398
74854656
56039143
56039152
74855063
63487978
74855155
74855259
74855383
50956334
74855454
74855567
74855790
56039161
56039170
74855859
74856459
74857162
44550971
66080021
48279642
56039220
67606920
203011
66080030
74857818
64263809
103634912
110133584
69583335
50049394
50018774
50025547
50025687
50025801
50025825
50025884
50025974
103684164
103684117
49830440
49830330
49829793
49829766
49830536
58394172
49829872
49829666
53877435
49830519
49829906
49830703
53877468
103636721
44578129
48832571
44578138
44578148
44578163
44578175
44578184
44578204
203048
44578212
44578223
44578233
44578254
44578273
203049
49830201
64529440
64529676
47173723
87351292
103812651
103812620
103812581
47173806
89293271
89293279
89293295
50959554
50959558
50959753
90669049
55322676
68326585
44710000
58693998
49830324
49830323
49829554
49830252
49829861
64792610
49829710
49829637
49830730
58694012
49829664
49829547
49830108
64792614
49829757
64792617
64790978
64790998
64791010
64791043
44710118
103896506
103896635
103896653
103896712
64263821
107250301
13188375
13188471
64263861
103633510
50302201
97241795
103186045
103186122
103186227
103186149
103634655
103845698
103845767
103845827
103845565
203135
66096842
85719057
194408
103633634
103633572
103633574
103633723
103633628
103633718
103633537
103633721
107250314
91149898
65403472
203190
203192
47943750
47943758
47943761
47943766
47943791
47943794
47943796
47943813
47943816
47943808
47709793
47709755
47709800
47709805
47709810
47709813
47709829
84783938
47709771
47709779
89564278
49830205
88109476
88108473
88109511
64547184
69679084
64547190
64547196
64547259
64547283
64547317
47709836
64547396
64547411
22731087
22711674
66153897
88610991
66153913
103792631
103792612
103792746
103792796
22486388
22486334
86596978
103821565
103820643
103821482
103820648
103821389
103821527
91150722
75607314
103632647
103632616
14276011
14276098
14276125
22713825
22713779
22730909
103772612
103772661
22713801
22713796
22713770
194289
194360
107250185
103727785
80373703
80351408
80351033
80373858
80351121
80351231
80374001
80583652
80583118
80374108
80374454
80374474
47943837
47945671
47944338
49254594
49254318
58693882
49829689
49829522
49829665
49830457
58084246
58084260
58084362
58385437
49830382
49830582
58385490
58385545
49829802
49830305
49830028
49829785
49830277
49830055
49829962
49829879
49829508
49829580
58385605
49830023
49830219
49830354
58693974
49830266
57509648
22734867
45953906
45953968
45953973
45953976
45953979
45953991
45954010
45954013
88493938
88494070
88494190
88494980
88495017
88495064
88495128
88495173
88495231
88495346
88495468
88495537
88495622
103186194
69584035
15155994
15157546
49830106
194379
103055459
64790965
49830328
49829578
49829835
64790968
49829750
65363543
78674300
103792496
103778680
103778923
103778625
103792501
111579700
111580831
88090989
49254530
49254301
89904227
89904293
89904397
45954066
87531371
87533313
49254511
14260324
64264082
70206273
70205537
70205771
161889
103633498
103635354
68326872
16084569
64547741
16084386
68327714
64264102
103896739
49254309
49254490
49254693
49254329
49254585
49254482
49254717
49830147
64688911
64689112
49830204
70102535
54083150
54084369
54084606
54081976
203167
203168
197456
203169
203778
103818289
103818240
22730593
103818359
103818214
22712821
14276151
50026487
50026548
69741187
69741220
46093091
69741251
69741345
69741351
69741708
69741720
58711118
79800315
103771714
22724905
22724887
103771596
22724893
22724923
103771846
22724899
22724911
22724917
103771491
103769530
190590
190592
190593
190594
190595
190596
103712825
103712805
91150858
103780113
103780166
45550871
44578294
44578302
44578311
44578343
44578351
44578365
88109731
88109897
103771879
103772009
54085303
54142016
54141959
62697784
54142074
54142129
62698236
54142204
54142278
54142410
62698341
54142524
64264135
66096178
64264155
70468817
80222726
80221456
80221529
69779572
69779611
69779638
69779647
69779662
69779925
69779937
69779969
69779983
69780030
69780099
69780323
69780344
69780365
67009769
64547977
64548329
103636330
103636346
103635724
103635726
103636244
103636254
103636267
176508
103636754
176541
66096343
20680957
20680962
20680997
20681005
20681196
176583
176377
20681222
20681232
103636792
176454
176392
110168134
103634669
103634680
107250519
107250540
70102389
70102934
68501447
70102149
70102412
68501433
68501480
70102352
70102497
70102794
68501379
68501534
68501407
63923179
83467644
83468031
83468188
165231
83468428
97213286
67373125
83470616
78774453
78774610
83470818
83471677
67373229
83474088
83474922
83475245
83475652
83503613
97213307
97213322
97214585
97214601
83508309
78775516
47102577
91290806
195516
91151440
66096919
73228856
19035773
69741856
69741907
69741958
193000
193467
193227
22732009
103673988
103673120
103673286
22724718
103673977
103673405
97240769
49829713
64791122
49830523
49829531
49829923
49830313
49829726
49829728
49829679
49830077
49830752
49830241
49830258
72766725
49830342
49830365
49830169
49830078
49830750
49830110
49830427
74005197
49829706
66599702
49830000
49830072
49830520
49830713
49829709
66599736
49830403
49830288
49830641
49829753
49830603
49830366
49829716
49829590
49830622
66600283
49830394
49829741
49830265
49830731
49829607
66600487
49829620
61662461
49830326
49829978
49830550
49830687
61662476
49830467
61662500
49830267
49830337
49830438
49829976
49829744
49830331
47756079
21567301
70102140
137471
137598
103635021
103635025
95569528
103817373
103817506
103773936
103774244
103774301
103774822
103773992
103774363
103774870
103774619
103774724
103774148
67610337
44580280
67610380
50951677
56039334
50951694
50951041
44580307
203431
44580316
50951052
50951065
44581051
50951080
68603351
50951705
48832593
66080120
67610419
50951092
50951103
67610453
44581089
67610469
44581120
44581131
67610489
67610579
44581169
44581189
67610606
50951112
67610704
48617406
44581234
44581245
50951125
44581256
44581291
44581300
50951138
48617425
50951149
66080153
67611149
66080162
44581333
44581357
67611176
44581368
44581377
44581392
44581403
44581414
49830548
49829572
49830579
20256729
49830392
69584048
47265341
65134818
65134524
50011330
50011403
14255713
14255716
14255728
14255731
14255734
14255737
14255740
14255866
14255875
14256029
14255878
14255887
14255891
14255896
14255899
14255959
14263010
14263125
14263149
87531486
87531616
87531801
87531875
87531892
87531963
87531977
87532124
87533424
14263290
14263332
14272315
14272344
14276167
14276321
14276372
64694199
14277201
14277253
14277256
14277267
14277279
14277303
14277380
14277438
14277483
14254997
14676531
14676547
87534133
87534158
87534172
87534191
87534211
87534560
87534235
68328081
89905395
14260333
14258274
14272480
14278663
14278666
22733651
22731952
103672218
103672251
95314941
21342198
172049
172187
172204
21343100
196325
169061
88088438
48279911
44578378
44578395
48280000
203051
44578433
64264258
65077950
103896785
85181182
64548720
64548867
64549053
64549449
64549495
64549568
47697291
64549979
57507739
91157286
85719076
87753039
70360657
99845271
64264306
103801609
103801561
103801509
203044
203045
197460
48637566
48637946
48637802
48637280
170501
96235936
22731056
22707847
103704094
22707842
45954108
66601974
69292021
138343
168748
55324377
55324446
55324500
89663596
68002721
70467081
69222115
99508242
98275044
69584098
69584101
70102664
68501578
71510353
194273
194666
194680
194564
65363628
65363696
44712071
64264310
70380948
64264329
64264333
64264338
16184852
16184855
16195319
70380999
97225833
69690665
91153800
64264402
58706550
58706809
47943820
88700294
22473767
22473777
22475225
47266599
89695201
103817273
103817309
97240942
70370430
44790903
97214705
47943822
47943825
47943827
47943829
64264431
64264444
64264486
77345997
77347251
64264547
21215147
21215162
21215137
13152926
21215143
21215166
21215151
13340340
21215163
21215150
13340348
21215141
21215165
13340361
21215159
21215148
21215135
13340493
88088737
21215164
21215140
88089236
44937195
21215138
88120725
21215136
21215156
21215152
21215134
21215160
21215157
21215168
21215171
21215167
68568328
86466824
49542645
49545913
49542471
49543682
49545046
49546929
195913
95315716
63923296
97226069
70381368
18214519
69922114
69922164
49829708
50302457
47263179
157767
47263187
47263189
47263191
103836079
103836280
103866603
103866633
103866688
103866611
103866595
103866625
103866639
103866607
65542879
42678970
172551
42679109
42679297
42680235
42681112
42683297
42683369
42683517
44710285
44710621
44710646
103793989
103794018
185681
19520513
104176764
49830235
64551374
192998
68328401
192996
193091
193251
193093
66596930
49829820
49829791
49829756
49830035
64687636
49829565
49830113
49829863
49829919
49829632
64687651
49830292
49829702
58693818
49830757
49830697
64689643
49830132
49830705
64689678
49829798
64842141
64689750
49830490
49830208
49830329
49830185
49829658
49829967
49829985
49829758
49829780
49830430
49830695
64689833
46102582
64552175
66177727
97240781
66177737
66177752
49829720
49830740
49829591
49830549
49830279
49829633
49830327
49830115
49829673
66638121
49829707
49830511
49830088
49829942
65363711
65363860
65363869
50302505
22486154
22486280
22486278
22486514
88508013
85730886
56564536
67374387
67374400
70468853
88508065
168098
99504682
98202264
92260462
99507883
49830048
13188382
13188385
22486351
89695351
185704
68002571
58992634
68328587
193221
103792683
22731290
22724049
103792619
103792633
22733589
103792695
76317607
76317543
76317557
76317544
76317542
74875182
74875405
69222183
68002546
68501403
51222063
20249232
20249446
20250059
20250214
103691268
103691282
22730924
103773990
103779336
103779235
47943845
47943847
95315744
103766090
103766207
103766143
103766226
103766072
50302525
58127662
157913
22730531
14263430
47261957
47261970
103730380
103730482
49829697
64791131
64552974
64553197
64553359
64553381
64553404
64553417
64553524
47173809
47173811
47173813
47173815
103768539
103768594
15038696
15038715
69727585
167828
64268932
58085438
64268993
164452
58933295
69728164
64269019
65064999
64269039
64269065
64269077
68001146
22731255
22729082
19224959
103774592
103774800
103774747
103774831
64269116
65364120
65364143
65364147
65364201
103670382
103670340
103670311
103887650
103887386
103887340
64269620
44710700
44710734
70102567
69922228
70010111
70010234
70010260
70010275
70010402
70010437
138380
137164
138269
137878
103889550
103889576
112716175
112716189
112716154
112716203
58965085
47102670
47102682
80376149
69584331
69584359
69584395
49830402
69793032
69793068
69793201
46080857
20257324
20429419
20429438
20429448
20429455
20429462
20429774
20429787
20429793
20429800
20429854
20429869
20429950
20430011
20430563
20430651
20430679
20430774
20430800
64269647
64269656
73228694
89186727
89186860
103764968
103764950
64269714
64269754
64270123
64270143
167841
64270157
64270171
64270175
64270331
64270356
64270380
64270394
64270410
22486260
175279
54081879
64270920
64270998
64271098
64271123
67374433
163994
64271133
64271142
64271146
64271157
64271217
64271226
64271241
64271261
64271276
64271359
88508892
162303
64271385
64271477
64271495
64271536
91154618
64271548
64271551
64271682
64271697
64271725
64271758
64271813
64271818
64271826
64272069
64272072
58933368
64272076
64272080
64272102
64272352
64272369
64272375
64272382
64272387
64272624
64272628
64272648
19617721
64273033
64273037
64273045
64273052
64273055
64273071
64273084
64273116
64273119
64273122
64273126
64273165
64273174
64273177
64273180
64273471
64273493
64273534
64273555
64273564
64273589
64273612
19617802
64273615
20681422
61662539
88110411
194577
194480
103837055
103834794
103834342
103835324
103834861
103836876
103834496
103834630
84939369
84939414
84939605
84455300
65403196
64310257
49254396
103881981
103881682
86257782
86263590
103694485
103694489
103812643
103812653
109732288
203021
203022
203023
203027
203029
203030
203031
203033
81044203
203034
75166713
203037
18963206
13490739
88592872
18963209
71525759
58388775
58388792
66096109
97216915
65349869
65350111
46102529
64791246
49830391
64310261
47173819
64310278
50026860
50027827
50028083
50028357
50028400
49829789
49830504
49829608
89695701
90934212
90934784
22486535
50149061
103658612
103658606
44578511
44578522
44578569
44578581
88088469
89035947
89033097
103815085
103814223
55997823
55997072
4261
113259123
66600816
64791197
64791204
64791207
49830046
64791214
49830673
49829518
49830497
49829964
68002614
67360705
89604632
49829912
66601730
49829661
49830061
49829989
49829934
49830130
49830447
49830176
49829644
49830371
49830307
49830454
49830335
49829733
49829963
49829790
49830586
49830092
49830156
49830138
49830248
49830636
49829536
64310601
110158816
110158981
110159014
102149361
102149327
98324735
98324221
49830395
49830557
49829513
49830112
49830242
58693862
103896872
103896913
103896966
103896977
103896994
49830244
91155227
69743659
49829761
49829827
97220581
58382585
49830012
22486268
64310637
67379055
64310645
170519
15155078
61245
47943849
47943851
47943868
47943870
47943873
47943881
47943883
47943885
47943887
47943889
47943891
196957
196958
196959
88108434
44580095
63488777
44580132
44580183
68603427
47944473
203780
103845906
103845936
184962
47173821
47173823
47173828
47173830
47173832
47173834
47173837
70463513
97241750
97241768
103775551
103775266
103775437
103775599
103768776
103768825
65364515
65364553
65364594
65364789
22486157
87536627
87538487
16084353
16084434
16084437
16084551
16084604
16084613
16084410
69637992
16084384
69638189
16084547
16084567
16084560
16084479
16084498
16084582
68278533
16084530
69638225
69638285
16084508
16084594
16084504
15039196
188520
188483
188423
188398
188382
188430
188500
188366
188326
188610
188511
188318
188414
188590
188409
188505
188327
188556
188369
47251990
58382670
49829775
49829960
97242474
103764840
103764849
64310648
64310667
98066922
98067043
98067060
49830720
64791096
49829585
49829715
103671013
103670955
103671170
103881133
103881097
103880486
103880904
64310693
64310718
64310721
70476391
103670928
103670944
103795115
103795069
103693230
103693193
103693226
103693208
88496802
103798399
103801419
103797518
103803926
103804002
103804169
103804139
103798440
103797506
103799498
103800445
103804263
103804241
103798427
103799817
103798409
103801517
103799620
103804289
67997172
67997318
67997668
67997694
67996584
67997714
67997787
13188394
103775454
103775575
103776392
22730835
103776400
103776048
103776144
103776172
103776131
103776094
103886997
103887005
64310725
61294
203440
203441
203442
88507968
91290377
91290430
47260774
165907
78591749
78592035
78592090
78592236
78592284
78592365
91289406
70102924
66153035
66153132
47176379
47176386
47176394
47176398
47176408
47176415
97210381
44579622
50011716
50011766
50011815
50011969
50011998
50012009
50012123
50012150
103731110
103731114
103819218
103819177
103815110
103814997
103815089
69786877
116162937
116167030
116162779
116167177
116167312
116166885
116166760
116163079
116166630
116167456
116167602
116167733
116167859
116162630
116166469
98178030
98179041
98178497
88069832
88087646
87411473
101228458
18290331
161844
80221085
80377468
80378428
80378461
80378518
80378565
80378855
80378884
64310797
20390748
75927841
197472
103834574
103834605
68279966
68280851
68281269
103660322
22728504
22734381
103660326
63488699
50012259
103683917
103683886
103683897
88496921
88496940
88496958
190255
47102733
47102745
47102774
68285500
78535878
79788927
79788960
49570575
79789021
49570767
138297
138107
137370
137168
138578
138294
103894037
103893527
103894121
103893432
49254703
49254685
49254278
49254524
49254604
49254367
49254273
49254602
49254438
49254671
49254263
103694177
103694300
103694213
103694198
103694187
44710894
44710951
69642258
44710836
80378943
203206
203207
44580012
203208
203210
203211
103676541
98201671
98201936
184784
184787
184777
91293514
14272602
14272721
14272778
49830089
66601812
49830665
22486493
110159298
110159331
110159395
110159555
110159714
110159757
110159854
110160307
64310848
157284
69667624
103727499
103727573
103727590
103727557
103727509
22486554
13188401
49830468
49829897
49830405
49829896
49829873
49830719
49830052
49830322
49830463
49829635
49829925
49829800
49830270
49830608
58693984
49829682
49830142
49829968
49829678
49830400
49829833
49829676
49829935
49829986
64791191
49830521
49830591
49830459
49830379
49829718
72136190
194448
194619
194529
49254425
65364798
46102624
65364895
65364931
65365012
65365054
65365090
65365107
65365100
197476
112664138
65365349
65365681
65365759
65365798
65365838
46102674
65365899
65365975
88508987
91470563
91471024
103703525
103703460
22702451
103674421
103674933
103674478
66105799
85955102
49829730
49830704
49830281
49830191
49829905
49830581
49830216
64689944
49830414
49830054
49829612
49830165
49830500
64689977
49830446
49830498
49830651
49830097
49829947
49829874
58382721
49829656
49830655
22486532
203186
69726391
103761640
103762276
103761856
103761521
48269124
45954204
45954289
45954331
45954341
83357027
70371223
97240970
49829574
49829529
97217966
70102146
66106749
66106769
68002550
64792655
78459071
42483515
42483444
196597
42483618
138276
137346
138315
137183
193003
193248
193206
103676429
103676467
103897185
103897310
103897316
103897388
103897432
103897450
103897503
67999325
67999339
68286168
68286180
68286189
68286205
68286211
68286221
68286373
193002
68329253
193244
193114
182775
75607007
75607022
75607030
75607260
75607301
75607363
75607377
75607388
75607434
190572
190573
190574
190575
190576
47261798
20742877
116167988
116163222
116166340
116168113
116168256
116166195
116168390
116162502
116168535
116162376
116168664
116168790
116162232
116168916
116166069
116169045
116169174
116165929
116165797
116163346
163447
97357437
163463
64310857
78777176
78777204
80230488
91172297
78777213
78777250
78777234
78777332
78777379
78777416
91172490
91172805
78777444
78777599
78777626
78777637
78777794
103761667
103761672
103728087
103895765
103895665
103895265
103703653
103703584
103810895
103810991
103727626
103727711
22732302
103721987
103758091
103758039
97214671
97214683
89295807
89295783
99582895
69787135
103656924
103656920
53875608
49829966
49830210
49829570
49830432
68501507
70102854
70102184
87993512
87993365
61660542
61660599
50302586
65523600
64594123
103761460
103761646
103762270
103762252
103761568
103761482
103761332
103761873
103762260
103761453
103761859
103761678
97242152
88509144
88509261
70468899
64310870
64310884
64310893
85731137
88509356
78786326
78786376
91177012
64310948
88509577
66105703
69583348
49829495
49829671
103889940
103889880
97219436
70482772
70482790
67997808
78787179
79129577
91178520
79830986
79853183
68286733
42482664
97210647
42482678
42482687
42482713
42482750
103812255
103812237
50903234
69786726
64685600
64685765
66153188
103691540
103691575
107655417
107655762
49830332
13265123
89497187
89531729
89497102
89497686
89497716
95567256
103167289
103167375
103107629
103107737
20431518
64311180
103661261
103661265
103661269
47710557
70102211
68288397
68288443
103127269
103185686
103127543
103185764
103127560
103185876
103127588
103127605
157706
89575347
103792599
103792577
103811905
103811886
34040
42491982
42492237
22486217
22486144
22486552
55233569
22486131
22486556
22486251
22486478
69793403
69793471
69793564
69793633
79800043
69793953
22703010
22703015
22736049
103719284
103661296
103661292
45958985
45959000
203283
203284
203285
203288
48329024
48328975
78484020
63923383
63923393
63923444
63923495
63923510
63923564
63923606
63923679
63923702
63923748
49254724
16084510
83683094
99586593
22486232
58969895
103762448
103762537
103762543
13188425
73230624
70381699
69780520
67904147
66105779
203499
105991992
103776016
103776954
103777452
103776128
103776345
103776714
103777963
103778239
103776843
103776050
103778206
103777506
103776140
103776636
103776352
103776669
85955088
137520
67370081
85955105
58933356
48444161
103710902
103711043
103711132
103710940
103711122
103711049
88559121
63729445
66106295
103107761
91472392
47266702
91472898
173665
173685
173939
88514279
173713
173705
173998
14275086
14275493
14275570
109283902
109283984
109284029
83357088
87534700
91473473
67373719
78776120
58602004
65403779
65403790
75167849
75168098
203042
75168161
75168448
203137
203138
203139
69584403
103167397
103107904
103107997
103108644
103108835
103108885
103109171
103109615
103109658
92465716
92463503
103186412
103186470
103186474
103186484
103186597
103186634
103186751
103187962
103188016
103188038
103188043
50951272
50951374
50951285
50951300
50951404
44581484
48617504
75169923
50951315
20251047
14134315
70688138
193226
67905401
67905414
67905433
97217495
97217512
97217552
66151055
66151064
97217581
85955282
64311188
107250560
84882605
16084433
64311196
49829533
49829600
157267
68313516
68313567
68313584
68313663
68313715
70613415
68313777
68313831
68313954
47709397
70613694
68314157
17046314
68314228
70613726
47709459
68314377
68314432
68314461
68314517
90853972
68314552
68314680
17046301
90854150
47709616
68314902
68314976
68315084
68315135
65365983
65366061
183214
65366073
65366280
64311201
64311205
49254561
49254460
49254536
49254403
49254294
49254343
109283274
85738630
64311210
64311215
168798
67607734
197481
103737970
103737960
44580193
103658659
103658673
103658669
103658699
83645231
98141659
67373923
80231114
83646140
80231256
80231286
83646907
83649054
67373944
83649274
83649676
83649916
79865085
80229156
80229184
79866204
79866309
80087527
110133909
103843258
103843315
103843076
107250325
64311222
65366377
65366455
65366458
65366672
65367059
103704667
103704564
103704634
22736075
64311248
58127869
203053
203054
203055
203057
58933234
103702585
103702529
103702644
103702598
103702625
103702640
103702589
103702544
103702559
103702615
103702475
103702470
64311251
13416970
103681276
103681502
103681244
103681452
103681177
103681376
103681315
103681211
99891283
157275
157265
97214715
83644630
47263254
47263256
64311254
64311257
58948298
88514488
64311260
64311264
64311267
167856
88611840
58933540
64311276
64311283
64311292
64311295
64311298
64311305
64311311
64311314
64311317
57508187
21343148
21343154
21343215
21343285
21343291
48303074
48267436
48266951
64311327
13506646
64311330
64311334
70478106
103767684
103768261
22734808
103768039
22735007
103767669
85955108
97226801
97229006
158117
88498999
88499672
97239339
70381830
97239415
70382090
50951446
50951457
42484113
85955111
88595154
99582913
69743737
69743759
46093134
69743778
69743867
69743871
69743987
69744004
69744038
69744154
69744177
69744182
69744195
69744273
69744363
69744396
70010557
47260954
70468946
103685045
103685011
203505
197484
51090287
44578890
203067
44578920
44578980
47690845
47691366
47691451
47691497
68315330
68315380
68315499
69667660
47691650
69667711
68315858
47691854
68316285
47692210
68317934
68318023
68318089
68318209
80257403
68318314
68318450
68318511
80257367
68318663
50956442
50956456
50956478
15202956
48617917
48617977
50956425
22486452
22486346
22486560
22486344
22486298
22486436
49254328
49254628
49254612
49254266
164212
64311338
64311341
64311344
64311347
64311350
103657368
103657355
103657286
103657276
64311354
49254718
15039228
97220247
87536930
87537398
104412777
84457881
84458822
85200107
88151044
167857
64311359
7963
7964
66153582
67376345
64311363
18942466
67376379
88589432
103765809
103765827
47755836
47755858
164660
164746
47755889
164714
47755898
164764
164626
47755944
47755957
22715045
22730969
95316871
95316898
95317171
95317299
95317318
95317339
95317371
95317421
95317440
95317459
22486369
66105869
66105992
66106074
66106026
66178964
101309950
64311366
64311370
8012
167860
22486370
88514837
88514846
22486174
88514856
88514871
22486317
22486263
64311480
64311483
64311486
19618096
64311490
64311493
97218015
97218067
69920774
107250449
49254603
50951560
203547
15179235
203510
50956167
203512
56039393
50951547
44581738
50956309
44581770
67630989
103656367
103656387
103656341
103656466
103656357
103656444
103656460
103656476
103656371
103656434
103656402
103656470
106022210
47265785
47265787
47265789
47265791
47265794
47265813
47265828
47265836
47265838
47265840
103813598
103813616
47943943
47943945
47944419
47943954
47943961
47944813
47943963
194382
190309
194350
70382250
58386061
64311529
16084466
16084494
16084407
16084607
16084374
16084397
80263386
68376356
68376537
68376671
47945026
47945042
65611939
68376941
68377000
68377050
68377084
68377122
87993837
87994083
87994060
87993523
103758482
103758862
47943965
47943967
47943969
47943971
64311534
64311538
91293534
165786
45463331
45463340
47711235
45462302
45462313
45463437
68378821
45462354
45463463
45463212
90799145
45463473
45462435
45463223
45463233
45463250
45463493
45462525
68379032
45463502
45462624
68379164
45463281
69680271
45463146
103868436
103868399
103868426
97217694
66106140
67379098
44127
44148
44149
66106161
16201591
80090298
64311558
103810858
103810956
45955241
73228912
64311579
103897825
103656950
103656944
68380016
103681074
103681055
48280163
48280189
48280199
48280225
48280279
48280339
48280361
48280420
48280449
89579216
87538532
87538648
87538652
87538676
87539664
87539676
87539692
64311584
49254428
49254265
50951630
64311594
89581366
193108
47402970
192987
193027
68329324
193215
193139
68329463
47269831
47402974
193131
193011
68329587
193107
47402978
193152
68329725
68329804
193235
193237
193228
193245
68329897
192997
47403067
68329954
193060
193159
193035
193025
193187
193175
193471
193078
193130
193246
193472
193076
193123
68002494
68002575
68501563
99752084
80090352
68380124
193073
68330082
103693235
103693247
103693263
13188430
58694026
49830096
49830692
72765456
70471773
64312996
193223
22486496
65367318
65367364
103771653
103769400
103769540
103769583
103769227
103769434
103771748
65367453
64313013
44392183
18257780
47261026
91470245
80379171
68002708
68002391
69222199
70102414
70102210
42484646
89690780
103661243
103661247
103657300
103657347
103657434
103657373
107250577
13188438
103811282
103811335
103811601
103811224
103685955
103686033
103685978
70870429
70870294
61918430
63004
13188447
61918683
61918934
61919022
61919112
22486358
22486391
22486414
22486573
22486357
22486392
103822640
103822567
103670862
103670881
103670838
193160
193230
193128
193167
193062
203783
89139662
89145872
89832537
89145924
13142211
88264177
13142213
19002902
13142215
13142217
89826661
13142227
13142235
89818870
89817861
13142238
13142287
13142306
13142308
89684688
13142311
13142314
13142350
89816056
13142361
89799806
89797614
89640469
89796054
89774259
89779095
89777524
89775699
89738361
13142416
13142478
13142481
13142489
86235821
86236150
86226097
59018279
64313521
64313527
64313531
64313534
64313537
15039573
64693955
68380211
103872142
103871930
103871982
103872761
103872287
103872201
103872315
103872810
103726922
103723684
103726378
64313540
64313562
117582065
8989
42482891
63021653
116163485
116163622
116169318
116169461
116163785
116163907
116164070
116164202
116164327
116169586
116169716
116169843
116169974
49830634
88700681
64313619
64313642
64313658
64313866
64313871
64313924
79711881
49830198
64314003
49829950
203523
203528
103815404
103815509
103815127
103815544
103815245
103795554
103795612
103797492
103795596
103797456
49830493
49829567
49829933
64691490
49830580
64691499
64691511
49562307
49569428
49563132
49563555
49564032
49565720
49566762
88499921
173096
68324528
46081926
68324675
166919
68324892
196660
42495566
103690968
103690932
22704697
22704692
49830203
64314067
64314072
61660505
70871471
68330332
69222158
47245823
13188452
22486137
22486383
22486152
64314079
64314082
64314086
22486186
64314090
64314131
64314136
64314144
64314149
64314157
68380404
64314162
20432145
16719296
95984916
68330520
69292053
64594070
69292001
89652199
47251998
193037
193074
68377310
169697
196914
169701
169702
55325179
55325199
55325247
16084431
197487
66080209
66082979
66083022
48444020
66083097
44579268
66083197
66083295
66083397
66083530
66083579
66083676
66083766
66083824
66083847
66083921
66083993
66080219
44579307
173073
18917684
107250591
80090580
103878766
103878755
103878817
103878806
103890729
103890801
103132762
103132775
103660427
103660431
103660417
103660383
103660400
103660906
103660917
103870362
103870381
69744444
46093150
69584408
69584417
83650353
45955965
103804320
103804365
103804346
103804301
47945070
47943941
70382266
88500492
88500849
80580607
80580633
64314167
64314170
64314174
107250175
87532245
87532439
87532507
87532549
87532571
87532663
49830621
49829699
68380508
69681526
68380760
68380813
68380920
47695668
47696009
47696088
68381992
47696165
47696294
68382061
84939687
99550153
49569666
79789864
88219153
79789210
66390706
49569966
99845027
69128053
69128212
69128289
69128107
46086355
66097073
20251174
16719359
16719387
16719605
16719651
16719685
16719726
103685875
103685849
67656595
197488
22730409
22730404
13188457
49829975
58384057
64790971
66599596
64790975
49254400
89036215
14255106
87531053
88087714
87531118
14255256
109283844
88087732
49254253
83304904
89036109
63924007
15368405
103811314
103811345
190206
190295
194418
190132
194422
103660125
103660162
190577
65367461
65367566
65367574
65367581
65367590
65367594
65367655
65367712
65367783
61382004
95882787
176004
13188466
57483075
57483236
57483275
185814
57483395
57483400
89580530
64314193
103866279
103866352
58711700
58711939
58712069
19073408
20694238
20694242
20694246
20694250
20694260
20694276
20694280
64989879
20694284
20694288
20694293
20694297
20694301
64990398
20694305
20694311
20694323
20694327
20694331
20694335
20694339
20694343
20694347
20694351
20694360
20694364
66100901
88501475
63924333
63924349
63925525
88501847
88502118
97239529
88502198
88502264
63924534
97239595
97239628
97239672
88502407
66102908
97239691
88502425
15179049
15179117
64314219
67379124
68002377
203196
49830367
49829642
64691728
64691995
49829911
64692124
49830109
49830189
49830166
49830577
58382730
64692394
58382739
49830696
64692422
64692439
49830340
64692602
64692799
64692825
64692870
49830057
64692981
64693900
88070001
87533785
87533811
87533825
83306426
110160470
110160538
103823664
103823616
103823595
14278064
14278099
14278139
49830256
49829811
58713113
103680575
103822693
103822666
103822632
157270
157285
103889855
103889800
47945080
47945088
47945154
47945166
47945196
48810541
64314237
65368085
78592616
78592624
78592643
78592700
78592716
78593033
78594136
78594264
78594275
78594308
78594316
49829824
70204120
70203940
107250262
103657630
103657703
103657707
103657677
66106361
49254606
49254256
49254364
85719017
49254410
49254468
49254701
49254663
64314241
96802567
96802987
103753407
103753484
103753555
47804700
49254609
64314251
97217660
69222132
70102423
70102888
103829706
103828426
183167
85646524
64314320
161957
22699743
22699738
104006526
104006414
65368238
65368242
44579542
44579564
49981813
44579609
103897852
103897936
49254660
56234077
56234098
56234119
56234195
56234213
56234232
56234275
56234318
170520
170521
170522
110133193
113171944
103131145
103131180
103131216
103131234
103131250
103131267
49830030
21344013
172267
21344051
172229
172092
21344089
21344106
21344159
21344189
21344233
21344306
21344311
21344350
21344492
21344519
21344536
21344760
21344810
172273
172094
21344853
21344938
21344994
21345220
21345256
21345333
172091
21345484
21345532
107250351
105295705
103898063
69291989
70468956
97218153
203776
78672292
78672476
195859
195860
103898075
103898107
44340011
83357158
64314371
13581832
64314702
88558364
88558373
88558382
88558391
88558401
88558410
88558421
88558439
88558472
88558481
88558905
88558920
88558973
88558986
104412606
88587411
88587454
88587514
88587527
88492930
88493011
80582455
80582466
80582503
80582521
80582549
80582628
80582646
80582657
80582706
80582728
80582739
103661301
103867190
103867212
45955968
47979811
103693596
103693709
103693666
103693705
103693676
67373107
83510946
87561548
64314709
64314729
58933319
64314773
64314794
76317559
80386509
69119678
76317568
76317621
16854256
76317611
69119609
48080618
84384455
48080927
48081228
76317562
48081287
48081344
84385675
69192627
84385749
16794889
89250666
69119695
48081486
16793953
69119640
69192581
61662554
66597499
61662569
49829839
49829812
49830091
49829519
49830303
61662625
49830223
58693832
49829977
49829887
61662684
49830654
61662705
61662762
49830444
103658788
49830650
85731054
49830271
65134839
58384127
49830355
49829805
49830215
49829571
49829875
49830339
49830464
49830482
49830320
103715755
103715774
44791129
103823501
103823433
103824080
103823597
103823996
103823979
103823897
190578
190579
190580
190581
190582
190583
190584
85200870
190585
190586
190587
190588
49830164
43340087
22724076
22724071
22731807
103793298
83301719
14278410
14278438
20678583
103869063
103869025
44581695
197490
49830738
64792597
64792601
68002712
68002689
64594131
68501560
64314821
64314907
97217091
69222147
68501506
68002601
66106794
66106817
70102113
69222288
68002474
70102170
68002342
68501456
87534415
87534435
181146
79800251
88502453
88502577
69794152
103775156
103775167
13161361
13161363
13161435
13161450
13161452
13161468
13161523
13161554
64315027
201657
13161620
165457
13161709
13161725
13161727
13188476
13161743
87464527
64315039
13161765
13161767
13188481
13161814
64315076
68915720
13162128
64315086
64315090
13162169
13162312
103898218
103898259
88589448
49254651
49254523
49254459
88088487
83124880
49254715
49254359
87533465
49254495
88070007
67997819
80091469
80091503
64315111
58983728
64315121
58127417
58983779
58983879
83512950
58983919
167877
64315141
58127426
101883407
58127435
58127444
64315204
83515051
167878
58127453
64315207
64315210
58985846
58985867
88559346
70485370
64315225
83515150
58127471
98140004
83515290
83570762
64315234
97241071
88510022
97242258
89656504
62147256
68398568
68398583
68401310
62147291
62147313
44709818
68398749
62147331
68401305
68401189
17046330
64866649
68399046
68399176
62147367
68399393
62147340
62147304
62147349
68399552
62147322
68399947
62147358
68400176
62147381
90386297
90386307
47251469
47251472
193213
193256
16084526
15039263
15039290
15039296
15039317
15039329
15039336
67996765
64315276
97220715
88611669
88611679
103823086
103823071
45958882
88425992
64315327
70382287
103777087
22721097
22721102
103778667
64315465
64315536
64315553
64315557
64315562
64315574
64315579
64315594
64315597
64315600
64315603
64315615
64315633
64315636
64315713
64315778
64315787
64315790
58127377
64315805
64315811
97241156
64315830
107250282
97241237
97241250
80091537
80091565
80091620
80091826
80092248
66080903
88507997
64316798
64316801
73726605
73726664
80092456
110161123
65369161
193242
44579684
44579710
67379066
65369241
163454
13188492
103894787
103894700
103894856
103894735
88515668
63924679
63924770
63924860
103823004
103823065
103683052
22731705
103683096
103682943
103682965
103683026
49829876
49830631
58382794
58693842
49830714
58383204
58693852
64316823
47261048
47261116
47261129
15368421
68332344
68332472
13188960
68377344
68377359
57509336
85955243
22486158
57509409
46097614
44698019
70468870
99583071
99583080
65369305
57507830
14675467
80232348
91115648
80232429
64316895
47263271
47263350
47263352
47263354
47263356
157740
157743
47263362
47263369
91288887
91288981
91288929
49830349
88515986
73230141
48295808
103812904
103813097
103812687
22731403
103812699
103812929
103702795
103702904
103702881
103702845
103702973
103702994
49830481
103707799
103707785
67662806
21583954
103872135
106005777
103871956
103872163
104007160
103706204
22735536
103706176
22735541
22728535
22700705
91290280
103718956
22730635
103718932
103718860
103718693
22729533
103718714
103718766
103767606
103767667
103767739
103767625
49830426
88151055
88151061
64316916
22735835
22735351
66598543
49830410
61660436
49830647
49830479
49830532
49830471
61660463
164118
69727203
64316936
75306189
75306207
75320046
75306250
75306422
75306501
75306850
75308180
75308752
75309082
75310301
75311617
75312135
75316425
75317249
75317545
75317710
75318343
75318379
75323721
47251479
203147
203148
203149
103878477
103878509
64316939
58127790
13188500
54010476
54012637
45955979
67905470
67905489
67905515
67905532
80165940
80230301
44579331
44579339
44579362
44579417
103670723
103670471
103670608
103670702
103670637
103670743
42482976
89580988
103898314
49830002
49829991
49830308
49829979
49830450
49830597
66082511
44578613
44578624
103672675
103672686
103672703
49829864
49830011
49830681
49254409
88070018
103795247
103795278
103795170
203539
197498
97218191
68002574
65369313
70102297
48101669
48101848
15201853
65369760
65369844
65369867
73785830
88340714
87733649
76317600
87733802
203291
203292
74875672
203294
203295
74780837
44709104
44709134
44709453
44709490
44709622
44709683
103680373
103680303
44979746
44979834
44979913
44979917
88090756
88090760
97412204
87534464
87534518
87534534
87534544
16719839
16719843
16719994
16720002
16720022
16720029
16720036
16720083
16720118
16720181
16720267
16720328
16720345
16720383
16720528
16720537
16720568
16720577
70475313
103131271
103131481
103131516
109283475
109283671
157656
103684809
64316981
47943980
68000633
68000804
88340811
48109487
43340028
190994
43340047
92266399
64316999
64317051
88585285
97240796
67905646
103878699
103878757
56050540
56050556
56050570
56050597
56050644
85801039
56050657
56050760
50956547
56050788
56050827
56050992
56051196
56051421
56051706
56051720
56051749
56051766
56051792
56051812
56051827
56051847
56051858
56051878
56051911
56051928
56051939
56051955
56051966
56791472
56051982
56052002
56052028
56052041
56052071
70493174
56052108
56052125
56052207
169713
56052310
56052371
56062792
56052403
56052426
56052446
56052461
56052691
56053126
48442564
56057615
56057741
56057897
56057954
56058412
56058601
56058825
56059145
56059651
56059665
29437
56059703
56060171
56060210
50956565
56060266
56060499
56062171
56062203
56062407
56062603
56062626
56062677
56062717
56062739
56062767
56062779
56062923
56062960
56062975
48442648
56063010
56063030
56063046
56063101
56063125
56064105
56064151
56064174
56064183
56064216
56064240
56064277
56064318
56064342
56064369
56064503
56064748
56065022
56077069
56077083
56077101
56077110
56077250
56077261
56077275
56077298
56077327
56077336
56077592
56077628
56077706
78586482
56077744
56077811
56077862
56077929
48442664
56085343
56791796
56085384
29444
56085454
56085562
56085628
56086030
56086313
56086372
48442676
56086434
56091397
56091460
56091604
56091627
56091667
56091871
56095357
56096322
56096397
29443
56097589
56098897
56118578
56118681
56118863
48442691
56148986
56149018
56149063
56149101
56149292
56149367
56150793
56151613
56151830
56151913
56152029
56152121
56152169
56152187
56152389
56152608
56152705
56152769
56152866
56153602
56153800
98580281
56153891
56154005
56154047
56154104
56154151
56154190
56154348
56154558
56155492
56155603
56155670
56155804
70493243
56155840
56155898
56155920
56155933
50956576
56063733
70493650
56156021
56791841
56156054
56156368
68049616
56156550
69584420
69584428
69584431
69584435
69584469
69584488
69584519
69584524
69584537
69584560
69584566
69584573
69584835
69585676
69585696
49829629
47944014
203197
22486188
42484794
64317082
194336
49829628
65370029
65370051
65370087
65370218
65370289
47266130
66638779
164451
68410961
68411331
68412973
68413029
68427313
68427395
68427403
64317175
66105745
167831
91115847
64317285
80166134
88506489
64317288
64317299
22734059
103785929
103783163
22735632
103785896
103785851
64317394
88150984
105968299
18775218
64317403
99783878
88149216
88149174
88149202
47990318
49830489
49830578
49830255
49830194
97780868
88595923
103823991
103824084
103824105
69583361
69583368
47265597
64317439
64317448
174707
174716
174714
193188
194399
155152
61250
194393
194363
194342
190170
194407
194370
194377
194385
192941
190221
172495
194337
194367
194335
190083
194354
194376
47406921
194359
194356
194386
194334
194343
194398
194344
68398868
194374
194406
95740145
69586094
69586372
64317478
103728215
103728181
110133954
13290941
64317511
165121
64317515
64317523
64317534
64317541
64317554
196918
196921
196922
196920
196923
196925
196927
64317583
64317587
64317593
80166609
64317602
88612964
88612986
88613002
64317621
167914
64317654
47102869
47102893
47102881
103676093
103676114
194348
194338
110133204
89298432
193229
87535424
107604987
47407786
80580673
91353263
91353068
91353281
91353325
91353335
70468386
190561
190589
193899
67513490
67513493
67513496
88981028
67513499
193916
67513502
67513505
14050467
67513508
67513511
15112890
62591
193921
193920
193922
88558975
67513514
67513517
67513520
88936923
67513523
67513526
67513529
88944361
62592
193949
15113775
67513532
67513535
67513538
67513645
88944775
67513541
67513544
88944971
67513547
67513550
67513553
67513560
67513563
67513566
193977
67513569
88981492
84786942
67513572
67513575
193982
67513578
67513581
67513584
67513587
67513590
67513593
67513596
82782448
69321157
88945600
67513599
67513602
67513605
194007
67513608
88981112
67513611
193983
86007342
67513621
86007357
68910770
88945056
67513624
67513627
67513630
88965631
67513633
67513636
67513639
67513642
192982
88090398
88091139
88091158
18770855
50030498
50388949
61854418
61855167
61855188
50049427
50049597
50049627
50049638
50049673
50049710
50050112
50050135
50050877
50050991
61855279
50085956
50086205
50390234
50132808
50133766
107250606
32058
20678215
20678264
62945
72136436
69583371
49570548
44793247
103110227
103110309
103110335
103167440
103110450
103110611
103167497
103111311
103111343
103111602
103112228
103112582
103113010
103113109
103113461
103114520
103114637
103114721
22486355
47102942
47102955
55470236
91109639
16569906
47102972
44579219
89333777
89333331
51221900
65370433
65370481
107250622
78777071
89719210
203300
203301
203303
58933156
45958508
49254503
68427413
68427417
47944016
47944018
47944020
47944022
47944104
176513
176455
176521
176514
176599
176543
71716111
176419
176553
174725
176467
176499
176489
176613
47754971
50012489
20432158
72136660
84459322
84462869
49829729
103798488
103798480
103132876
103132886
103132922
48101780
91288252
198794
22732625
22711820
22731092
103762456
22711864
103762287
49830560
91290658
47264133
47264405
80167580
80167662
80167648
80167726
80167978
97217644
99845052
97905834
47944127
47944146
47944148
47944151
47944232
47944234
22735330
103688019
103685491
22704143
22704138
103685459
99845067
68369199
103776515
103776650
103776706
103776727
85955255
47944244
47944236
47944246
64317970
198562
196984
99519036
49254605
49254281
49254596
66899676
72765401
49254688
49254655
49254666
66899694
66899713
66106115
88514892
88514905
44550993
49830708
56975622
56975634
56975645
49254733
56975665
49254707
56975687
56975719
56975730
56975769
47697896
68427564
68427584
68427598
68427620
47712093
68427655
68427749
68427754
68427761
68427867
68427881
43316959
98991041
98991168
98993018
98993828
99002339
49254289
89690813
49830449
70102393
89299048
89299198
103736933
22724769
49829510
49830423
49830513
49829895
46102713
65370522
65370525
65370734
65370744
65370765
48004865
48002425
73727593
73727759
73728100
177934
48444454
48444538
48444650
48444750
48444784
48444219
88793749
88793780
48444876
48444939
48445063
48444267
48444381
48444321
48444342
14274892
14274918
88120333
88120398
88132568
84783217
196441
196442
196443
183152
65403235
196444
196445
65403364
65403327
196446
15039570
22735776
22734941
22735687
103688679
103119712
103120145
103167815
64317989
65524228
65523402
103827182
103827064
109809613
13437
203623
56040327
44581946
56040450
56040596
50951770
203627
44581885
44582007
56041230
50952011
50951888
70102716
88088637
64318011
64318014
64318064
64318097
64318106
64318116
64318150
64318171
64318181
64318184
88611742
87532887
81629770
81633128
81629758
81633146
81633094
81633105
81629764
81629742
103878613
103878667
65371161
65371194
49254727
103680162
103680198
103680120
103680258
22730499
103765237
103765243
103765775
22717059
15039587
15039793
15039831
15039888
85729141
75600764
75601065
75601408
75601781
65371373
65371669
65371695
65371889
103894706
103894733
49254517
49254304
49254347
49254243
44712056
68439525
68439626
78313956
49829592
49830261
49829869
49830614
49829988
64693927
49829543
49830168
68439867
47251579
88087329
88087507
102208365
88087340
22732035
22724722
70010615
103735485
103735468
97215647
103715139
103715221
103715229
95568324
96866849
97249272
51342998
97249078
196964
16720607
16721443
49830229
68439963
68439977
68440028
68440172
89293331
190527
59017868
64318243
64318249
22734959
103819582
67363010
85519948
71733227
71536513
71529901
71727235
71532803
71532724
71531227
71534469
71533043
103898453
203069
203070
103822349
103822471
68002630
70102880
64318265
64318288
50903119
69181822
69181847
69181884
68002473
70102921
70102574
84487939
84488443
84500832
99712630
84547975
84548064
84500842
103683347
103683296
70207409
70207817
70207949
103711173
103711188
103711391
103711426
103711371
103711768
103712761
103804115
103804095
103682222
22731714
22734062
103768823
103681536
103681580
103681584
103682414
103682408
103682419
103799746
103800433
103799796
105296143
105296047
103799622
103799599
103799761
105296089
103680660
103680670
70686656
84463728
84463104
45954374
45954382
45954378
64318300
85568289
88151417
85733126
85568302
88151563
88151601
76435251
76435059
85568321
85342651
85342662
64318305
164338
88515719
64318320
64318331
64318349
64318374
88515894
64318391
64318412
167869
64318464
64318582
67869125
67869551
67869566
67869953
67869958
67869976
67870015
67871020
67871036
67871071
67871080
67871084
67871116
67871136
68441216
70613073
69669818
68441316
68441393
68441442
22724765
103660209
103657467
103657471
80172901
103686945
103686853
103686550
103686661
103686493
103686707
103687306
103686571
103687293
103686589
103686620
103686603
162310
168711
177124
163978
88516013
110161343
110162485
110222301
51187222
51187228
51187225
65372127
65372227
65372290
83300729
87534841
87534887
87534981
87534993
87534997
49830676
88370789
190886
72261777
72261737
64318755
47944248
169072
69128478
69128541
49830563
49830589
69539228
69539262
69539271
46087000
69539284
69539293
68442094
64318779
47266500
85731362
64318788
69667958
68442303
68442317
68442426
68442452
68442513
103120210
103817919
103817894
67997836
45959213
103120329
103120360
103120516
88091163
88091175
88091221
58693892
49829738
47251685
69794251
69797761
69797998
103771124
103771036
67871143
67871203
67871260
67871355
95558146
67359364
67359375
88592452
14675843
14675852
14675865
175931
89292178
89292211
89292313
89292340
89292344
89292365
89292381
85736989
89292557
89292633
89292758
89292825
89292829
89292847
78594404
78594471
80274227
80274336
80274377
80274449
80173437
95496913
91289815
95496900
91289864
91352888
91289947
91352851
165808
91290016
103778700
88090342
88090365
88090381
88090392
69222082
70102421
69222377
88087761
88087801
88087825
88087829
88087863
88087866
88087897
88087972
88087978
88088193
87533125
83301001
83301383
44578647
70382297
103757396
103756772
47944270
47944289
47944297
47944335
47944344
203548
75170374
110163048
98382485
98381977
47944346
47944402
91472334
91472356
87536365
87536392
87536400
89904141
87536431
87536571
89298205
89298258
88026479
88026470
65372435
14259873
14259877
103898667
103898756
67997845
87535085
45958541
65362908
65362977
65363069
65363156
103190947
103191090
103727252
103727443
103727455
196991
196992
196995
167888
85289876
64318915
64318950
88586647
64319018
88586689
58087270
22486575
87948071
87948061
87948094
99892252
99890206
87948175
16084553
103682781
103682812
103682791
103682880
103682795
70475497
64319028
68443187
68443249
68443288
68443292
22486183
103131606
103185896
103131623
103131712
103185930
103131793
103131842
103131863
103131883
103131905
103132001
103132038
103132051
70102318
70102759
103898803
194341
15108
69586671
69587098
69587107
69587178
69587263
14278192
16084472
16084383
16084554
16084581
16084359
16084534
16084382
49830020
49830411
47697976
68443930
47697986
68444029
47766841
16084390
16084591
16084601
16084625
103774053
103774137
106000073
103773898
64319071
103773966
69583382
47173218
107604828
66153931
49254544
49830649
16084614
16084452
16084572
16084447
16084505
16084418
69641425
16084629
16084355
16084429
69787355
69787466
69789503
69789808
69789961
64319082
203369
137924
137711
137550
138208
137695
137906
137718
138292
138179
137159
103871400
103871484
88090421
65998260
88090480
56039279
164672
64594095
47261141
47261189
47261191
47261215
47261221
69544768
69544771
68444760
68444850
175934
49254248
49254700
49254731
49254692
58934277
49829862
49830409
49830141
103691647
103692733
103692619
103691651
103691629
103692955
103691625
103692938
14675965
49254255
49254314
70102387
16084525
16084372
16084420
16084417
16084623
16084459
16084516
16084561
16084584
16084523
47103019
49254292
49254654
49254236
87535148
83369732
88091344
83369839
70102837
103778504
103778254
103778615
47945226
67378509
67899355
67899421
67899512
67899687
67899690
67899637
67899725
67899781
80580696
80580708
80580737
80580748
194572
194451
51206406
194661
90852133
70478483
70478492
97220899
70479605
49829515
49830643
49829556
95558305
110662638
110662669
111949037
85294528
85295233
70102642
69668544
69668585
69668679
69668788
69668847
69669391
47694270
177895
49254635
65402301
97221174
203304
67997854
22486125
70010721
45959327
64319095
64319127
15179437
15179447
15179459
15179489
104411737
103898892
103898920
103898974
103899024
193143
68332598
186088
193018
167010
103693426
103693410
22705476
103693348
103693456
103693418
103693472
103693368
103693352
22705481
103693387
103693448
196928
110213116
196930
196931
196934
196935
196936
196938
110213270
196940
196943
196944
196951
57505709
22486209
104062579
104062546
103677088
103677221
103677225
103677078
103677119
68446174
68446184
68446261
68446326
68446338
88514934
88515010
58958362
49254526
49254323
49254429
49254708
49254356
49254682
49254435
49254499
88595355
59012868
193214
193205
193031
47696546
47696611
47696694
58386247
58386276
58386436
58388003
58388084
58388164
49829660
116170118
116165528
116165403
116162104
116170263
116161975
116170393
116170536
116161824
116170665
116170794
116161693
116165268
116170923
116171058
116161547
116171201
116171349
116171478
116171610
116161283
116171759
62590096
62592001
62592016
64319146
67376420
64319156
97242503
47103060
66081103
20432226
92250442
92474664
69745130
69778452
82306982
69778589
194353
194391
194405
194339
194380
194349
15038758
15038919
66601511
67997869
67997876
67997879
67997886
67997893
67997896
88092686
47945259
48810543
47945314
47945322
193150
193017
193013
193217
193168
88090527
88090689
88090734
69130320
47749623
164611
47749669
70010872
70102859
47944404
68446516
68446520
80257250
50903263
70010936
79800379
103693003
103693015
68446564
44697976
194361
79800053
79800103
69798179
69798315
79800116
69798438
68446850
68446871
68446900
61662233
49830445
103899062
16200
81060220
81068840
68332934
49829945
69739816
82308892
69781742
69130229
69130241
69130281
22486517
64319175
64319184
64319288
68450071
68450152
68450165
68450223
68450237
68450241
68450251
68450271
68450303
68450311
68450318
68450364
68450372
61660121
61660268
61660278
103728360
103728331
69181934
69181941
69181948
69181969
69182011
46086532
69182614
69182291
69182673
69182687
46086601
69182717
69182861
69182988
69183023
169030
103818789
103819014
103780258
22721115
103780279
103780243
103779110
103779317
103779283
103779230
70682232
70682503
90386442
90386462
90386776
90386452
46205590
97221357
97221593
200636
97221777
85955258
66106843
49830136
49830001
70102147
64319294
64319311
64319314
64319331
161814
196997
110221878
185774
67379110
61207
103869220
103869271
64319363
69779346
65372543
72137308
69539322
69539343
69539356
69539374
50902961
87533835
64319417
88611699
103694114
103694110
103694129
103694119
103120622
103120717
103121121
49254420
103133079
103191144
103133286
103133879
85712849
83478083
49254705
49254327
91995408
85822291
68501520
64319482
64320296
64320299
64320302
49254249
49254527
70010999
70011018
70011147
70011154
70011163
70011310
70011384
68451103
47695514
68451115
68451121
68451133
68451149
47693655
68451170
47694054
68451174
68451178
68451183
68451187
68451192
68451203
47693952
68451212
87536260
64320313
45959013
45959040
55094095
55095465
103734942
22735719
103734886
103735022
103734876
103734824
103734840
16084473
16084574
103672834
103672742
47944407
103681893
103681912
47944443
15181427
15181524
137178
137442
97296244
49830040
69798514
69798517
69798558
69798571
67905735
105294263
103888269
105294259
103888330
105294254
88418111
22733441
22731197
22704180
103686144
103686165
103730490
103730503
15181766
50956409
15182216
15182225
49254487
49254661
49254412
49254355
49254375
49254659
49254354
49254713
49254455
49254670
49254398
49254371
49254336
49254613
49254686
110152789
203562
97214764
17021
17018
17022
17014
17020
49254344
48283076
48283177
48283361
48283483
203052
47712216
44709923
68451548
62148031
47712468
68451909
68451913
68451938
68451954
62148044
65372675
65372732
65372876
43324087
86251344
43324091
43324194
43324202
43324205
43324225
43324274
86434920
43324365
43324499
43324571
43324647
43324685
43324764
43324837
43324877
43325027
43325573
43325583
43325601
43325614
43325630
43325902
43325915
43326434
22486548
49830568
88417004
88417158
16179556
19378341
88417138
47755641
157278
107660605
91866903
47755684
47755693
47755705
48836207
64003310
15183756
64320389
99845112
103871177
103871336
70468935
177938
177939
177940
103871272
70102430
103819224
103819468
103819211
103819451
22712940
103819606
49254469
49254242
48442719
48443458
48443510
48443561
48442737
48443606
48443616
48443661
75605183
48443729
48442821
48443739
48442832
48443813
48443321
48443235
48443145
48442971
75605218
48442988
44579049
44579060
48442997
49254548
49254665
49254556
88091683
22699081
22699075
47792718
87568739
22715255
103845882
103845991
103843725
103845868
103845369
103866023
103866018
22731553
22729503
103845702
103866004
103845379
103844067
103845399
22735629
80174299
80174541
56218971
56219033
56219418
56219504
56219612
56219659
59122148
56245818
56248794
56248833
66766931
56248963
56249143
56249260
56249384
56249539
56249668
56249884
56249964
56250011
56250107
56250496
56250729
56250838
56250930
56251048
56251262
56251432
56251524
56251581
56251714
56251804
56251820
56251924
56251982
56252074
59122162
56252106
64320451
64320455
49829582
103727136
103727176
103727118
103727048
69583393
69583400
98092736
64320464
49830455
49830063
64792604
49829788
49830276
49829575
49829832
49829965
49830590
49829537
49830661
49829563
49830462
49830610
64792607
49829958
49829828
97219675
64320490
64320539
194373
96799965
103772680
103772527
103773037
85736277
103841965
103842025
103676613
103676648
103811599
103811627
91293564
112527827
91293547
165792
165762
185754
20678289
62949
202960
20678342
20678397
103691606
103691592
103691602
102998728
102998975
103656907
103656912
103656903
103121314
103121569
103121655
58933244
47944467
47944469
47944471
99548361
103055306
64320639
64320642
64320648
64320663
168960
64320667
67374369
88588598
64320684
64320687
64320698
64320706
175967
47265709
47265745
47712804
68452832
78314214
47712847
47712879
68452956
22486473
16084448
89296085
103679884
103679869
88160255
88160364
88160389
88160339
88159886
88160214
88160517
95908089
110163858
110164281
110164296
110164357
110164365
110164373
110164378
110164585
110164693
110164730
110164784
110165772
110165801
110165791
103719063
103719039
68453544
68453553
69587548
69587773
82308484
69588014
69588682
69588709
69588731
69588764
69588828
69588900
69588906
69588920
69588949
69588952
69588988
69588992
69589013
66106486
67899991
49581455
64320986
175241
193087
193163
193250
193009
68332983
193028
193189
193043
193039
44579832
103811726
103812253
103811914
103812246
103811662
103811957
22486103
88502676
88502709
89848209
88611792
64321338
64321343
176440
64321353
47265114
16084482
16084528
16084405
16084585
16084555
16084360
16084391
16084558
16084392
16084424
68454064
16084435
16084527
16084476
17818
87532918
64321371
103761508
103761494
64694003
68454454
68454735
68454861
68454920
68454968
68454987
68455238
69673519
47709322
68455994
68458200
68458212
68458373
68458389
68458496
45466678
68458945
68458962
68458971
68458981
68459238
68459242
68459410
68459476
68459544
68459571
79679702
68459582
68459596
68459608
47251794
47251802
47251810
69779492
64321383
69589017
64321387
64321407
64321422
103659811
103659822
106020330
103882394
103882288
203160
203161
91316376
59017190
64321477
68459646
97820728
97821101
16574718
70477660
47435853
16577157
16577300
97241904
16577355
83650906
49254453
49254268
49254237
56975854
49254504
49254497
49254407
49254684
49254286
49254623
66630789
66630861
66630916
66630926
66630953
66631163
66638750
103893364
103893368
69798762
69798835
103191225
103798418
103798407
22723252
22723247
61959850
22486161
80180177
44578718
44578730
64321496
64321505
64321522
167901
64321531
167903
64321546
64321552
64321558
88596630
164496
64321565
64321569
64321575
64321581
64321584
167910
64321592
70868565
90979519
70870166
58431796
64321666
64321705
64321721
64321725
64321742
48018502
103672561
103672434
22486455
46087813
46087863
69545534
69545542
69545545
46087917
49829514
64694032
64694097
64321787
165272
64321902
64321906
64321924
103776661
103777145
103777078
103777454
103776986
49829973
68333054
193247
193200
193156
193067
193162
22730676
22707783
85955123
68459778
15038384
68459864
87999248
203151
203152
203153
203154
203155
203156
69545550
69545557
82306863
67900591
74106939
78550353
100099193
194368
194351
194331
194401
194387
194366
194383
194371
47251824
47265158
48283526
48283564
50989107
48283730
48283758
48283802
103899231
103899227
49830709
49254576
49254689
49254732
88087551
97296661
97296697
97296721
88070076
97296768
97296788
64322019
64322022
64322037
110153584
49254681
66153870
88091697
88091701
88091717
88091721
88091731
88091735
49254316
183073
109283314
109283441
105986083
203256
50669154
50673310
50134427
50135652
50392770
50392936
50393255
64121110
50393739
50136459
50393773
50394022
172146
50403541
50458195
50471966
50475289
50475511
50623147
172121
50475932
50137962
50623166
50623767
172090
50631663
172276
50635658
50247990
172194
50636821
50668331
50248112
172237
68460092
170524
44979971
44979997
103780770
103780801
103780778
103780806
47944615
47944617
47944619
47944646
69781826
88089850
88089858
88089862
14264017
109283685
88089874
14264021
88089883
88089897
14271951
88089925
14271954
88089929
88090003
88090016
88090038
88070125
88090080
88090091
88090176
88090208
88090213
88090242
88090268
88090278
190541
190538
190539
190540
190542
70011518
69589036
69589636
69590149
69590390
69590668
69590742
69590801
69590820
69590843
69590885
69590936
69590949
69590965
69590993
69591007
69591014
69591045
69591058
69591446
82308681
69591538
69591554
69591645
69591683
69591708
69591715
69591773
69591800
69591811
69591878
69591923
46205597
58385666
80580765
80580776
66598016
49830018
66598039
49830439
16084492
69583407
69583414
69583417
69583420
69583423
69583426
69583433
69583436
69583439
69583442
22728530
22702746
14274934
87539751
110166700
110166715
110166717
110166782
110166807
110166788
110166849
110166888
66598508
49830710
49829755
78576297
44579460
44579500
44579514
44579522
69591978
69592009
69592012
69592021
69592038
49829955
49830067
49830049
45958680
48265359
48266448
45958683
45958686
68460149
68460168
47251834
75927882
75927871
65373233
65373278
65373357
67374221
64792658
58439165
69583447
69583454
69583457
69583460
69583463
69583466
16084543
16084426
16084471
49830031
66599043
16084352
103899259
103899306
56039543
47266097
44792105
44792111
44792219
44792252
44792287
64322054
64322062
22735612
103880882
103887337
103887388
68462331
68462447
68462466
85955270
84939963
70479713
84940029
91951423
85955273
69179175
69179838
69180312
69180629
69181442
69181472
69181491
69181503
69181516
69181519
83642692
97214805
78777080
67374190
49829853
20251507
20252379
20252707
20252738
20252870
20253006
20253151
20253212
99752101
69798967
69799144
69799447
69799689
79800135
69799861
50903260
69800019
190468
68462760
68462789
68462851
68462914
70848490
68463038
68463350
88018392
88017638
88018592
96011200
96018882
99688187
22486134
103899471
103899483
103899513
103899555
103899570
103899604
103693575
103693557
58388282
49830619
103693158
103693170
88640144
76317565
76317558
57489689
96306872
96238241
57489914
203061
203065
104005679
104005790
64322086
65373532
19922589
47251842
157568
47251872
47251891
61382318
41674
41677
41675
58933292
68464883
68464919
68464988
68464994
68465022
68465072
68465107
68465113
47266720
103828414
103834609
103833944
103827052
103833866
103834344
103826151
103826116
103834499
103825842
103827210
103834549
103831996
88511796
64322123
88511859
68002382
68002537
68465230
69673708
103682916
103682926
103682912
88611728
103837801
103838531
103813101
103813133
49829834
58383346
49830186
103813138
103813118
76317620
76317591
48109439
194049
194050
194067
194068
194072
194076
78914533
86583109
194126
194130
194132
194133
78921986
72420404
78923860
78967163
86583133
61982990
61983021
78969903
194213
78970940
62538
194221
194227
78972401
194242
78978851
72420977
79005393
89254808
82308810
196903
103816602
103816722
42494750
194400
78584789
64322143
58077687
58077719
64322147
64322157
64322166
58078147
164528
64322177
64322180
64322185
64322200
167921
164175
66096334
87535165
45958849
103899627
80212484
80212504
184105
184107
66153888
103878077
103878304
44698034
99773552
44698042
44698044
44698049
44698051
44698053
44698055
44698057
44698059
44698070
44698072
44698074
44698076
44698078
44698090
44698100
44698102
44698104
44698115
44698141
84334580
48101133
48103096
198401
49829786
14676025
49830172
58693994
49829794
103730855
103730878
64323209
78585428
80582770
83028791
49830284
84372084
64587154
67369846
67369483
84372418
64586080
84376286
84372245
84384558
64589126
84372306
64588371
84372447
82348701
69800178
69800282
69800391
69800498
82345555
82345696
82345477
65402468
49254369
47778330
48297964
47778059
48297988
103709726
22735714
103707879
103709613
103709290
103709193
103709232
103709333
103709405
103707823
103710131
22735724
22735745
103708881
103709025
103709500
103708917
103710807
103710549
103709532
103709130
103710179
103710458
103710745
103708785
103708706
103707852
103710780
103708673
103708962
103710723
66598216
103121713
103122110
103122235
103122604
103122754
103122980
103123030
103123220
103123242
103123492
103123966
103124686
103180127
103124714
103124961
103124977
103125640
103126131
103126210
103126288
103185654
103126449
103126583
103126656
70102306
70102294
83356753
88151726
88151760
88151749
88151777
79680099
49583046
100339930
49583995
79680110
85628040
49584796
49581234
49585165
66390759
86466943
100339944
79130281
49585498
86466968
79130249
190138
103879474
103879454
103680421
103680403
59016609
69221951
69222060
66106867
66106889
66106918
64323216
64323220
64323224
88511903
64323232
103899663
103899696
87535206
83370076
87535217
49830677
50950436
50950447
50950460
50950499
44578768
50950517
48283868
44578798
50950556
44578813
44578837
50950592
68049597
64323685
103869790
103870218
49829987
49829993
49830050
49829670
67657116
67657395
67657406
80580830
80580913
80580925
80580936
103815539
103815494
22736052
103815402
103815961
103798817
103799569
68468365
68468373
47713025
85736948
46097625
69790220
69790273
46097663
69790309
69790438
84940286
47251905
157838
64323717
88503701
64323755
64323786
64323857
97217208
97241452
69739933
64323866
64323876
97217916
64323892
64323907
70011534
64324002
64324181
59017314
97223725
70482050
85955276
97223846
97223914
68468511
68468537
64324190
70482063
99582954
88593388
88593626
61662364
61662443
80229274
68468640
86222059
68468653
68468849
64324204
64324207
64324210
64324213
64324216
64324226
103657712
103657716
20390767
64324246
64324256
64324259
72138023
64324263
64324271
64324281
64324286
64324296
64324306
64324312
64324315
64324330
64324333
64324336
64324339
64324343
64324347
64324350
64324355
103882123
103882026
103812647
103812680
103812685
72125595
80581019
203458
97908360
80212525
177899
177919
62929
44581779
44581794
44581808
44581823
44581834
64324390
67900607
67900621
67901205
67901306
67902046
67902071
67902084
67902088
67902103
67902620
67902640
67902657
67902908
18124163
67902985
18124179
67903042
67903074
67903124
67903149
67903174
67903264
183081
183077
183180
183050
92458917
67851665
67852269
67852930
46074027
18123647
64324394
64324410
162099
203652
78585464
44979007
44979035
44979043
44979054
44979110
44979051
110230169
44979194
44979206
44978999
44978997
201616
97909097
80217216
80230525
80218137
80218194
80218247
80218288
80230597
80218429
80218319
80218373
80219156
80219174
80230682
103677427
103677334
103677383
103677312
103677449
49254262
47745161
64324421
70102728
64563494
69222076
69221985
68501482
88513606
88513653
88513694
64324425
64324795
64324800
64324813
64324817
64324821
64324832
64324837
68468948
64324851
64324856
64324859
64324862
64324865
64324870
64324874
64324877
64324880
64324883
64324886
64324889
85731314
64324892
85955279
16214951
84519931
84520853
103661256
103661252
69539421
69539499
69539506
69539564
69539571
69539597
69539604
69539611
69539627
84940461
20434679
20434766
20435070
20435185
49830556
49830566
69917280
69917385
69917415
69917655
79800168
79800159
69917664
69917722
69917860
79800178
69917918
69918183
69918242
69918395
69918402
69918506
69918527
69918570
69918587
69918603
69918624
69918815
69918902
69918967
69919009
46098924
69919036
69919192
69919214
69919230
46099940
69919253
84464403
84466713
84466810
84466826
84466859
13188522
64324897
103660951
103661238
103661232
22736340
69919266
69919546
69919569
69919731
69920041
69920173
79800188
69920296
69920346
88493915
157934
97214891
66177772
18158262
20435470
69592051
69592060
43327236
43327245
86250911
86250738
43327297
43327300
43327313
86434908
47251918
66104759
63924997
64324900
63925076
70382321
97239776
165811
70482120
104008462
104008381
22736077
103683932
103656929
103656933
20435675
20435860
20435980
22736536
103681997
69592071
58693872
49830344
89299396
103798482
103798425
103798676
103798640
58511956
58512893
58512764
103766783
103766866
56050411
48617620
48617698
103838548
103838515
72766608
69689070
46088346
69689242
69689424
69689554
69689777
46088399
69690025
69690275
69738690
69738727
69738738
69738808
69738881
69738927
69738933
69738962
103899765
103899872
103899895
69738986
203423
78586259
203777
103886982
103887001
65374054
65374110
65374417
65374464
65374540
103682320
103682304
103682292
103682324
22735379
103880076
103880146
103879804
103881687
103881719
103880163
103881940
103881613
103661274
103661278
103758936
103758992
103758982
103758876
64324910
110167262
110167723
110167260
110167848
110167218
80219624
70102124
70102657
69781901
65363244
65363316
65363378
65363417
64325060
64325065
64325073
64325076
64325079
64325083
13188557
69668080
90328103
79736015
86089590
79740183
86089642
86089742
86089783
86089837
79740548
97154635
90328156
62862
97007437
90343062
79740768
79741602
86089889
86090189
79920094
90327741
79741364
79748376
79748390
86090679
95415289
79748400
86090771
90328285
79748410
83774084
79748432
86091080
86091120
97006341
86091137
79748466
79748483
79748494
86091238
79748504
90328295
86091262
86091285
79748514
101493143
90328026
79748524
79748575
79748597
86091382
86091489
86091540
86091575
79748609
86091602
79748619
86091612
79748631
86091653
86093504
90328322
86093546
95414943
86095471
101492894
86095479
79748641
86095491
86095495
86095515
86098960
79748651
79748661
61957574
79749175
79749185
95534605
79749195
79749205
79749215
79749225
79749236
86095987
79749246
91071449
86100320
79749256
79749266
83774146
86096051
86163048
86096092
86100353
86096182
79749277
90328332
86102434
79749287
79749297
79749307
86102694
79749317
79749327
86102918
86096715
86096759
86103360
86096929
86104957
86105256
79749347
86097758
79749357
86097793
79749367
86097808
86097948
86098002
86098009
90327917
86098265
79749388
86098540
86098622
86105340
79749428
79749438
90328342
97209900
79749448
86098632
86098636
86098673
86098683
86105365
97121661
91071133
79749665
79749723
95545664
86105618
79749856
79749967
95546347
79749977
79749999
79750025
83774330
86105683
95414735
86106196
86098716
79740704
95535172
95414827
95407362
90328143
86098721
90343198
79750042
79750110
95415029
90328346
46205609
64325105
64325108
64325114
64325118
175276
167928
13491788
64325157
64325161
22486462
49829734
49830134
64792637
49830396
49829932
58693903
49830664
58693964
105968860
88502853
165807
184757
75605306
75605313
198439
75605318
75605325
75605330
75605335
75605342
75605347
75605352
75605357
75605362
75605367
75605372
75605377
75605382
75605387
75605392
75605401
75605406
75605409
75605414
75605419
75605430
75605435
75605443
82138858
75605448
75605455
44579533
75605460
75605465
75605470
75605475
75605480
75605485
75605505
75605520
66080240
66080251
75605549
75605559
75605564
75605587
75605594
75605599
75605604
75605613
75605631
75605636
75605822
75605827
75605838
75605848
75605860
75605865
75605872
75605877
75605882
75605887
75605892
75605897
75605937
75605940
75605945
75605960
75605974
82164818
75605979
65527130
65527235
65526552
65527031
65527148
65526510
65527213
65526540
65526902
65526976
42485242
42485275
196638
42485651
103823252
103823396
103823410
16084592
16084460
16084587
16084449
16084443
68469007
16084363
68469012
16084470
47687524
16084535
16084542
14259884
50012660
49581681
49582559
116171909
116161145
116172034
116161014
116172156
116165117
116172281
175925
80582977
80583010
80582424
80581091
80581108
80581162
80581200
80581232
80581249
80581276
80581293
80581376
80581832
80581855
80581882
47103121
47103133
47103157
47103175
47103187
47103206
47103236
47103288
47103344
88593658
103818207
103817972
103817300
103818544
22731776
105963139
103817331
22724947
103816948
49830699
91209505
195488
39331
69544846
97215696
107250288
42492489
49829797
49830727
22712157
22712152
64325183
64325204
157805
16084453
16084627
16084375
16084425
16084586
16084519
16084419
16084389
16084507
16084515
48616468
50950618
48616516
48616603
44579876
50950631
48616620
50950651
48616651
48616686
50950770
48616735
44579887
48616777
44579900
48616920
50950660
44579917
48616975
48617106
48617123
48617147
48617180
48617241
48617269
48617345
50950794
48617373
50950699
50950734
80220290
80232294
49830070
47168679
157825
198516
84940710
84940824
69222319
70102455
70102332
61787857
49830418
58383668
58383745
58383857
58383921
68469098
68469124
68469138
68469161
68469176
68469184
68469192
88342897
88342975
88342995
88343011
22731687
103681041
87568608
103763077
22735640
103762997
103879069
103878959
66106201
97240863
66106220
66106270
103878446
103878479
66177787
19619916
195506
64792645
49830753
49829611
66601913
49830333
49830162
88152206
88154577
88159599
88159688
88159722
88159664
85537971
47944811
167839
193127
89694911
69790649
69790740
90389138
45954392
45954401
21171
84697083
69592082
103872581
103872756
22734798
103874024
22734793
22734992
22734413
22735012
103872996
22735017
22735596
69222086
103766614
22715107
22715112
103766657
45954406
45954439
103126711
194402
194347
64325262
64325267
64325281
64325296
64325300
64325342
103714645
103713873
103713884
103714482
103675238
103675711
103675261
103675609
66106519
66106563
66106594
68469221
65374787
65374877
65374952
67968365
58963040
87537484
87537497
87537502
67853143
67853294
67853390
67853408
67853416
67853432
95972054
67853451
67853562
67854163
67854712
67855065
67855363
67855886
67855905
67855917
67855975
67856047
67856062
67856085
44581858
44581867
87539768
87539851
72131428
47261271
70102501
48617815
48617826
48617867
79800214
22486434
69778885
69778947
103818044
103817982
49830312
49830146
103848169
103849276
103849103
103849300
103849764
103848314
103848963
22729337
103848879
103846035
103849238
103849376
103849231
103846006
103849068
22722953
103848974
103848213
203309
203310
203313
203317
203322
203323
203327
203328
29456
13152133
47266875
91476608
47266877
91478402
91477278
91478073
91478093
105294257
22736114
68469231
88091762
88091870
88091880
88092508
88092525
88092541
88092557
109283697
83150902
49254543
49254458
49254577
49254640
49254595
49254402
49254326
49254430
49254457
49254528
49254424
49254498
49254636
49254462
49254311
50012935
50012977
49254683
49254321
49254565
49254590
14259993
14259996
14259999
14260002
14260009
14260012
76338162
103707122
54573089
164614
164703
107654054
164669
47755092
103703914
103703875
103703869
103703834
70469088
69222020
69222153
68002737
66108831
68002589
68002557
69221930
164715
103716095
103716224
103715802
103716124
103716012
103715992
103716188
103715865
68469288
47713106
47713126
68469308
203635
203636
203637
111481811
110221422
44929366
44929463
97909271
80220991
80221048
47266488
47266486
103899954
68469441
70613909
68485030
47713194
47713218
50950605
70011608
70011736
103660264
103660237
49845483
44581876
49845492
49845732
103658059
103657721
103658063
103657725
91470243
103838632
103842202
103841956
103842855
103842733
103841328
103840832
103842251
75605232
88595424
88595572
187827
48100370
48100463
88137061
88137104
88070173
66154065
66154086
66154254
70482551
70482634
66177586
70482673
165795
91290545
96801180
96790818
90386381
103674338
103889265
103887224
103887192
51343307
47266531
103899986
103900001
103900307
103900325
103900337
103900347
103900351
103900394
103900431
103900518
109809698
103900525
103900540
68485071
88151033
46097767
69800704
47261459
47261607
47261617
97215667
103677009
103676987
103677030
103191309
103191335
103191728
103191924
103191983
103191989
103191998
103192322
103192401
103132915
103192442
103192450
103192488
103192505
103192519
103192666
103680514
103680560
22731691
22731695
68333211
21136111
21136102
76317616
21135952
76317619
87539873
87539893
88585317
90386329
64325345
69779049
82308445
69779213
42493861
42493892
42493911
42493948
42493957
42493972
42493983
64325354
49829784
49830524
49830153
20436452
20436473
20436497
20437309
110230213
164634
69592095
88610304
46102735
65375137
65375205
64325500
83370603
87535281
80221174
203599
198526
203600
203601
44578867
49254353
64325510
64325513
81081036
81082829
81069403
47251943
47251945
58694036
64792665
49830196
49830648
64792676
49830604
49830263
49829860
64792679
49830347
49829743
64792683
49830352
49830399
49829902
49829760
49830625
64792686
64792690
64792693
64792696
49830173
49830572
49830222
49830473
49829662
49830627
64792700
64792707
49830588
49830538
69739558
69739591
69739648
64325767
64326156
64326165
64326168
164116
64326171
49829595
107250380
203648
193066
193196
193151
193216
95999331
68333251
47269908
193109
96004823
193032
47270035
193133
193020
193022
96004847
193059
199661
193145
193089
193241
192986
193212
193016
193040
193174
193204
193148
193055
193041
64791119
47265439
47265487
47265496
47265518
47265552
47265560
47265595
49830754
88091423
88070291
103874076
103874452
103874145
103874754
58383324
103715597
103715475
103886826
103886977
103885731
103884879
103883277
47709672
68485460
68485512
68485526
68485560
68485565
68485569
68485573
68485583
70613898
68485587
64326174
42492548
197007
197008
197009
49845510
49845618
49845666
49845682
58712975
97780614
68333307
49254471
103693800
103693796
103869689
103869618
103871509
103871402
22734111
103890067
103891946
103891016
22736108
103889964
103889802
103891001
22736111
103888313
103890779
103888237
103892028
103888106
103889499
103892088
22708858
103891997
103888967
103891921
103891993
22734114
103891941
103892167
103888627
103891972
22734108
22708863
65523594
65523599
64594080
65523617
64594013
79427218
84335689
73736309
47144899
86051353
57499221
75607002
75607015
75607240
75607252
75607275
75607284
75607290
75607309
75607322
75607344
75607351
75607403
75607409
75607416
75607428
75607441
75607450
80796583
80796606
44978364
69740574
49829826
49830728
49829953
49830315
203789
67970335
46081422
91292433
91292882
107250427
69538564
69538573
69538576
18177499
69538579
50903138
46086703
69538589
46086775
47407717
50903183
103670909
49254563
46081534
65375397
65375420
103719392
103719397
20497
20498
190598
190599
190600
47692483
68486027
68486103
68486119
68486168
47693371
203615
203619
87535319
167815
64326177
64326181
167883
167884
64326200
64326203
64326207
64326215
100441159
70475754
85728510
64326218
64326221
97219765
18748884
193024
193203
193068
68333312
64326239
64326243
64326246
88151904
88151984
65375519
65375571
65375703
193075
193209
97780757
85955246
97224146
97224191
42485677
42485692
42485703
42485718
42485751
42485766
42485775
66153999
97239798
63925152
97239810
97239821
97239890
88502949
97239924
97240058
64326255
168634
19620739
47251957
70612537
68486352
180098
176109
176101
176099
180099
165431
176115
176120
176103
176122
176125
176098
176107
176104
176112
176121
176095
176110
176118
176093
176090
176114
103818534
103818583
170440
170444
170455
170474
54080623
80221367
80221399
80221505
64326265
64326274
64326277
80224011
64326281
64326289
64326292
54081377
103693756
103693760
97215624
70467334
85955285
16721842
116172403
116160884
116172525
97910096
80224047
103658838
103658813
64326301
64326304
64326308
83644454
83644565
64326311
64326314
107250165
83152243
69740648
69740837
69740861
69740895
57507583
110133247
103839796
103840020
15183645
66080578
103670758
103670750
89257106
89257028
89257302
13997902
107580991
89257274
49830187
49830721
70102118
16084373
16084394
16084599
16084366
16084408
157274
103670275
103669815
103669951
103670009
103670271
103669772
103670131
103670045
103669826
68486388
49830732
47168687
66178796
88612894
64326317
64326321
70482843
68486415
68486449
199071
103192711
103192747
90419850
69741115
80583917
80581996
14278385
68486496
68486506
68486527
72010421
103680766
104008963
103680835
104009008
103680824
64326324
64326333
65524318
65524288
65524313
65524323
65524329
65524334
65524339
65524346
65524357
65524362
65524369
65524375
65524380
65524390
65524395
65524405
65524417
65524422
65524428
65524434
65524294
65524439
65524445
65524481
65524490
65524513
65524283
65524554
65524565
65524598
65524619
65524638
65524687
65524694
65524704
65524299
65524932
65524308
65524944
65524274
65525146
65525169
65525196
65525216
65525232
65525289
65525307
65525333
65525487
65525554
65525721
65525770
65525912
65525928
65525975
65525982
65526057
65526069
65526089
65526112
65526140
65526213
65526257
65526318
65526462
103879831
103879420
103879357
103879271
22708496
103879258
103879287
103879758
70102136
70471683
13390533
103889260
103888874
103891950
103892693
103889155
103892045
103891241
103890794
103890694
103889267
103891978
103892101
103891813
103891215
103889885
22713949
103889860
103888890
103891253
103891968
103889573
103891168
103892720
103892086
22714043
103889951
22713957
103889606
22713953
88091516
88091590
88070294
88091651
88596209
87535402
